MEMORY
  total            14.2 MB
  struct          159.0 KB
  buffer           49.2 KB
  arena            14.0 MB, used 0.5%

SIZES
  narena                14680064
  nbuffer               50368
  nplugin               0
  maxuse_stack          12472
  maxuse_arena          78704
  maxuse_con            16
  maxuse_efc            100
  solver_nisland        1
  ncon                  2
  ne                    0
  nf                    12
  nl                    0
  nefc                  24
  nJ                    432
  nA                    0
  nisland               0
  threadpool            0

WARNING
    7:  lastinfo = 0   number = 93613

TIMER
    0:  duration =  0          number = -16
    1:  duration =  0          number = 0
    2:  duration =  0          number = 0
    3:  duration =  0.44       number = 16
    4:  duration =  0.069      number = 16
    5:  duration =  0.0071     number = 16
    6:  duration =  0.27       number = 16
    7:  duration =  0.011      number = 16
    8:  duration =  0.11       number = 16
    9:  duration =  0.05       number = 16
    10:  duration =  0.19       number = 16
    11:  duration =  0.083      number = 16
    12:  duration =  0.0016     number = 16
    13:  duration =  0.063      number = 16
    14:  duration =  0.11       number = 16

SOLVER STAT
  solver_nisland = 1
  solver_fwdinv =   0         0       
  ISLAND 0
    solver_niter = 2
    solver_nnz = 324
      0:  improvement =  7.2e-05     gradient =  2.8e-07     lineslope =  8.9e-11 
          nactive = 24   nchange = 0   neval = 2   nupdate = 12
      1:  improvement =  9.4e-14     gradient =  7.6e-14     lineslope =  1e-14   
          nactive = 24   nchange = 0   neval = 2   nupdate = 12

ENERGY =   1.4e+02   0.25    

TIME =  1.5e+02 

QPOS
  -1.3     
  -2.8     
   0.44    
   0.98    
  -0.0045  
  -0.012   
  -0.22    
   0.14    
   0.82    
  -1.5     
  -0.034   
   0.55    
  -1.4     
  -0.043   
  -0.43    
   1.4     
  -0.032   
  -0.71    
   1.5     

QVEL
  -0.024   
  -0.084   
   0.0096  
  -0.0039  
  -0.031   
  -0.016   
   0.21    
   0.062   
  -0.0071  
  -0.7     
   0.015   
  -0.38    
  -0.86    
   0.25    
  -0.2     
   0.19    
   0.16    
  -0.16    

QACC_WARMSTART
  -0.0084  
  -0.09    
  -0.28    
  -1.8     
   0.77    
  -0.051   
   2.1     
   0.48    
  -2.2     
   5.3     
  -0.86    
   5.8     
   3.3     
  -4       
   4.1     
   1.9     
  -1.2     
   0.87    

CTRL
  -nan     
  -nan     
  -nan     
  -nan     
  -nan     
  -nan     
  -nan     
  -nan     
  -nan     
  -nan     
  -nan     
  -nan     

QFRC_APPLIED
   0       
   0       
   0       
   0       
   0       
   0       
   0       
   0       
   0       
   0       
   0       
   0       
   0       
   0       
   0       
   0       
   0       
   0       

XFRC_APPLIED
   0         0         0         0         0         0       
   0         0         0         0         0         0       
   0         0         0         0         0         0       
   0         0         0         0         0         0       
   0         0         0         0         0         0       
   0         0         0         0         0         0       
   0         0         0         0         0         0       
   0         0         0         0         0         0       
   0         0         0         0         0         0       
   0         0         0         0         0         0       
   0         0         0         0         0         0       
   0         0         0         0         0         0       
   0         0         0         0         0         0       
   0         0         0         0         0         0       
   0         0         0         0         0         0       
   0         0         0         0         0         0       

MOCAP_POS
   0         0         0.1     
   0         0         0.1     

MOCAP_QUAT
   1         0         0         0       
   1         0         0         0       

QACC
  -0.0084  
  -0.09    
  -0.28    
  -1.8     
   0.77    
  -0.051   
   2.1     
   0.48    
  -2.2     
   5.3     
  -0.86    
   5.8     
   3.3     
  -4       
   4.1     
   1.9     
  -1.2     
   0.87    

SENSOR
  -0.0022  
  -0.032   
  -0.016   
   0.98    
  -0.0045  
  -0.012   
  -0.22    
   0.27    
  -0.12    
   9.5     

XPOS
   0         0         0       
  -1.3      -2.8       0.44    
  -1.1      -2.9       0.45    
  -1.1      -3.1       0.43    
  -1.3      -3         0.24    
  -1        -2.9       0.45    
  -0.95     -2.7       0.44    
  -1.1      -2.7       0.21    
  -1.6      -2.7       0.43    
  -1.7      -2.8       0.44    
  -1.6      -2.9       0.2     
  -1.6      -2.6       0.43    
  -1.5      -2.5       0.43    
  -1.4      -2.5       0.23    
   0         0         0.1     
   0         0         0.1     

XQUAT
   1         0         0         0       
   0.98     -0.0045   -0.012    -0.22    
   0.97      0.063    -0.027    -0.21    
   0.9       0.14      0.36     -0.17    
   0.91     -0.013    -0.35     -0.22    
   0.98     -0.021    -0.0085   -0.22    
   0.94      0.039     0.26     -0.21    
   0.88     -0.11     -0.42     -0.19    
   0.98     -0.025    -0.0075   -0.22    
   0.95     -0.071    -0.21     -0.21    
   0.86      0.082     0.46     -0.2     
   0.98     -0.02     -0.0087   -0.22    
   0.91     -0.094    -0.35     -0.2     
   0.9       0.068     0.38     -0.21    
   1         0         0         0       
   1         0         0         0       

XMAT
   1         0         0         0         1         0         0         0         1       
   0.91      0.42     -0.022    -0.42      0.91      0.014     0.026    -0.0035    1       
   0.91      0.42     -0.08     -0.42      0.9      -0.11      0.026     0.14      0.99    
   0.68      0.42      0.61     -0.21      0.9      -0.38     -0.71      0.14      0.69    
   0.65      0.42     -0.64     -0.4       0.9       0.18      0.65      0.14      0.75    
   0.91      0.42     -0.0076   -0.42      0.91      0.044     0.026    -0.037     1       
   0.77      0.42      0.47     -0.38      0.91     -0.18     -0.5      -0.037     0.86    
   0.57      0.42     -0.7      -0.23      0.91      0.35      0.79     -0.037     0.62    
   0.91      0.42     -0.0037   -0.42      0.91      0.053     0.026    -0.046     1       
   0.82      0.42     -0.38     -0.36      0.91      0.22      0.44     -0.046     0.9     
   0.49      0.42      0.76     -0.27      0.91     -0.33     -0.83     -0.046     0.56    
   0.91      0.42     -0.0083   -0.42      0.91      0.043     0.026    -0.035     1       
   0.68      0.42     -0.6      -0.29      0.91      0.31      0.67     -0.035     0.74    
   0.63      0.42      0.66     -0.32      0.91     -0.28     -0.71     -0.035     0.7     
   1         0         0         0         1         0         0         0         1       
   1         0         0         0         1         0         0         0         1       

XIPOS
   0         0         0       
  -1.3      -2.8       0.45    
  -1.1      -3         0.45    
  -1.1      -3         0.39    
  -1.2      -3         0.14    
  -1        -2.9       0.45    
  -0.99     -2.7       0.39    
  -0.99     -2.7       0.12    
  -1.6      -2.7       0.43    
  -1.6      -2.8       0.38    
  -1.7      -2.8       0.12    
  -1.6      -2.6       0.43    
  -1.5      -2.5       0.38    
  -1.4      -2.5       0.13    
   0         0         0.2     
   0         0         0.2     

XIMAT
   1         0         0         0         1         0         0         0         1       
  -0.025    -0.42      0.91      0.015    -0.91     -0.42      1         0.0035    0.029   
  -0.097    -0.41      0.91     -0.15     -0.89     -0.42      0.98     -0.18      0.026   
   0.67      0.41      0.62     -0.2       0.9      -0.39     -0.72      0.14      0.69    
   0.42     -0.68     -0.61      0.9       0.4       0.16      0.13     -0.62      0.78    
   0.01     -0.42      0.91      0.082    -0.9      -0.42      1         0.078     0.026   
   0.77      0.42      0.48     -0.38      0.9      -0.19     -0.52     -0.04      0.86    
   0.42     -0.6      -0.68      0.91      0.25      0.34     -0.037    -0.76      0.65    
  -0.021    -0.42      0.91      0.015    -0.91     -0.42      1         0.0045    0.026   
   0.82      0.42     -0.39     -0.36      0.9       0.23      0.45     -0.043     0.89    
   0.42     -0.52      0.74      0.91      0.29     -0.32     -0.046     0.8       0.59    
   0.0093   -0.42      0.91      0.08     -0.9      -0.42      1         0.077     0.026   
   0.67      0.42     -0.61     -0.28      0.91      0.31      0.68     -0.039     0.73    
   0.42     -0.65      0.63      0.91      0.33     -0.27     -0.035     0.68      0.73    
   1         0         0         0         1         0         0         0         1       
   1         0         0         0         1         0         0         0         1       

XANCHOR
  -1.3      -2.8       0.44    
  -1.1      -2.9       0.45    
  -1.1      -3.1       0.43    
  -1.3      -3         0.24    
  -1        -2.9       0.45    
  -0.95     -2.7       0.44    
  -1.1      -2.7       0.21    
  -1.6      -2.7       0.43    
  -1.7      -2.8       0.44    
  -1.6      -2.9       0.2     
  -1.6      -2.6       0.43    
  -1.5      -2.5       0.43    
  -1.4      -2.5       0.23    

XAXIS
   0         0         1       
   0.91     -0.42      0.026   
   0.42      0.9       0.14    
   0.42      0.9       0.14    
   0.91     -0.42      0.026   
   0.42      0.91     -0.037   
   0.42      0.91     -0.037   
   0.91     -0.42      0.026   
   0.42      0.91     -0.046   
   0.42      0.91     -0.046   
   0.91     -0.42      0.026   
   0.42      0.91     -0.035   
   0.42      0.91     -0.035   

GEOM_XPOS
   0         0         0       
  -1.3      -2.8       0.45    
  -1.3      -2.8       0.44    
  -0.98     -3         0.38    
  -1.7      -2.7       0.36    
  -0.93     -2.9       0.38    
  -1.6      -2.6       0.36    
  -1.1      -3         0.45    
  -1.1      -3         0.39    
  -1.2      -3         0.14    
  -1.2      -3         0.14    
  -1        -2.9       0.45    
  -0.99     -2.7       0.39    
  -1        -2.7       0.12    
  -1        -2.7       0.12    
  -1.6      -2.7       0.43    
  -1.6      -2.8       0.38    
  -1.7      -2.8       0.12    
  -1.7      -2.8       0.12    
  -1.6      -2.6       0.43    
  -1.5      -2.5       0.38    
  -1.4      -2.5       0.13    
  -1.4      -2.5       0.13    

GEOM_XMAT
   1         0         0         0         1         0         0         0         1       
  -0.024    -0.42      0.91      0.015    -0.91     -0.42      1         0.0035    0.028   
   0.91      0.42     -0.022    -0.42      0.91      0.014     0.026    -0.0035    1       
   0.91      0.42     -0.022    -0.42      0.91      0.014     0.026    -0.0035    1       
   0.91      0.42     -0.022    -0.42      0.91      0.014     0.026    -0.0035    1       
   0.91      0.42     -0.022    -0.42      0.91      0.014     0.026    -0.0035    1       
   0.91      0.42     -0.022    -0.42      0.91      0.014     0.026    -0.0035    1       
  -0.08     -0.42      0.91     -0.11     -0.9      -0.42      0.99     -0.14      0.026   
   0.66      0.31      0.69     -0.25      0.95     -0.19     -0.71     -0.044     0.7     
   0.42     -0.67     -0.61      0.9       0.4       0.17      0.14     -0.62      0.77    
   0.42     -0.67     -0.61      0.9       0.4       0.17      0.14     -0.62      0.77    
  -0.0076   -0.42      0.91      0.044    -0.91     -0.42      1         0.037     0.026   
   0.79      0.48      0.38     -0.34      0.86     -0.37     -0.5       0.17      0.85    
   0.42     -0.6      -0.68      0.91      0.25      0.34     -0.037    -0.76      0.65    
   0.42     -0.6      -0.68      0.91      0.25      0.34     -0.037    -0.76      0.65    
  -0.0038   -0.42      0.91      0.053    -0.91     -0.42      1         0.046     0.026   
   0.84      0.46     -0.29     -0.32      0.85      0.41      0.43     -0.25      0.86    
   0.42     -0.52      0.74      0.91      0.28     -0.32     -0.046     0.81      0.59    
   0.42     -0.52      0.74      0.91      0.28     -0.32     -0.046     0.81      0.59    
  -0.0082   -0.42      0.91      0.043    -0.91     -0.42      1         0.035     0.026   
   0.66      0.32     -0.68     -0.33      0.94      0.12      0.67      0.15      0.72    
   0.42     -0.65      0.63      0.91      0.33     -0.27     -0.035     0.68      0.73    
   0.42     -0.65      0.63      0.91      0.33     -0.27     -0.035     0.68      0.73    

SITE_XPOS
  -1        -2.9       0.45    
  -1.3      -2.8       0.44    
  -1.1      -3         0.037   
  -0.89     -2.8       0.041   
  -1.8      -2.8       0.043   
  -1.5      -2.5       0.036   
   0         0         0.17    
   0         0.075     0.1     
   0.075     0         0.1     
   0         0         0.17    
   0         0.075     0.1     
   0.075     0         0.1     

SITE_XMAT
   0.91      0.42     -0.022    -0.42      0.91      0.014     0.026    -0.0035    1       
   0.91      0.42     -0.022    -0.42      0.91      0.014     0.026    -0.0035    1       
   0.65      0.42     -0.64     -0.4       0.9       0.18      0.65      0.14      0.75    
   0.57      0.42     -0.7      -0.23      0.91      0.35      0.79     -0.037     0.62    
   0.49      0.42      0.76     -0.27      0.91     -0.33     -0.83     -0.046     0.56    
   0.63      0.42      0.66     -0.32      0.91     -0.28     -0.71     -0.035     0.7     
   1         0         0         0         1         0         0         0         1       
   1         0         0         0         1         0         0         0         1       
   1         0         0         0         1         0         0         0         1       
   1         0         0         0         1         0         0         0         1       
   1         0         0         0         1         0         0         0         1       
   1         0         0         0         1         0         0         0         1       

CAM_XPOS
  -1.3      -3.8       1.2     

CAM_XMAT
   1         0         0         0         0.71     -0.71      0         0.71      0.71    

SUBTREE_COM
  -1.3      -2.8       0.41    
  -1.3      -2.8       0.41    
  -1.1      -3         0.37    
  -1.2      -3         0.34    
  -1.2      -3         0.14    
  -1        -2.8       0.36    
  -0.99     -2.7       0.34    
  -0.99     -2.7       0.12    
  -1.6      -2.8       0.35    
  -1.6      -2.8       0.33    
  -1.7      -2.8       0.12    
  -1.5      -2.5       0.36    
  -1.5      -2.5       0.33    
  -1.4      -2.5       0.13    
   0         0         0.2     
   0         0         0.2     

CDOF
   0         0         0         1         0         0       
   0         0         0         0         1         0       
   0         0         0         0         0         1       
   0.91     -0.42      0.026     0.011     0.025     8.6e-05 
   0.42      0.91     -0.0035   -0.024     0.011    -0.015   
  -0.022     0.014     1         0.0061    0.013    -5.6e-05 
   0.91     -0.42      0.026     0.01      0.025     0.05    
   0.42      0.9       0.14     -0.055    -0.019     0.3     
   0.42      0.9       0.14      0.13     -0.075     0.1     
   0.91     -0.42      0.026     0.013     0.024    -0.05    
   0.42      0.91     -0.037    -0.028     0.025     0.3     
   0.42      0.91     -0.037     0.18     -0.079     0.16    
   0.91     -0.42      0.026     0.01      0.025     0.05    
   0.42      0.91     -0.046    -0.021    -0.0067   -0.33    
   0.42      0.91     -0.046     0.2      -0.11     -0.21    
   0.91     -0.42      0.026     0.013     0.024    -0.05    
   0.42      0.91     -0.035    -0.023    -0.0019   -0.33    
   0.42      0.91     -0.035     0.16     -0.081    -0.15    

CINERT
   0         0         0         0         0         0         0         0         0         0       
   0.62      2.4       2.9       1        -0.079     0.037     0.22     -0.1       0.73      22      
   0.026     0.049     0.073     0.034    -0.0066    0.0047    0.19     -0.14      0.026     0.78    
   0.16      0.082     0.2       0.09     -0.0036   -0.0065    0.33     -0.53     -0.056     2.1     
   0.068     0.056     0.033     0.012     0.021    -0.03      0.049    -0.1      -0.13      0.48    
   0.006     0.069     0.073     0.017    -0.0079    0.002     0.23     -0.058     0.027     0.78    
   0.031     0.23      0.22     -0.023     0.0055    0.0069    0.65      0.079    -0.057     2.1     
   0.05      0.1       0.056    -0.0045    0.05      0.0042    0.15      0.026    -0.14      0.48    
   0.007     0.082     0.088     0.022     0.0048   -0.0013   -0.25      0.068     0.015     0.78    
   0.033     0.28      0.26     -0.018    -0.015    -0.0078   -0.72     -0.057    -0.075     2.1     
   0.051     0.12      0.077    -0.0063   -0.06     -0.0051   -0.18     -0.027    -0.14      0.48    
   0.029     0.06      0.088     0.041     0.0039   -0.0027   -0.21      0.15      0.014     0.78    
   0.18      0.1       0.24      0.11     -0.00051   0.013    -0.39      0.56     -0.072     2.1     
   0.081     0.061     0.049     0.019    -0.025     0.038    -0.064     0.13     -0.14      0.48    
   0         0         0         0         0         0         0         0         0         0       
   0         0         0         0         0         0         0         0         0         0       

ACTUATOR_LENGTH
   0.14    
   0.82    
  -1.5     
  -0.033   
   0.55    
  -1.4     
  -0.043   
  -0.43    
   1.4     
  -0.032   
  -0.71    
   1.5     

actuator_moment
--------------------
       x            |
        x           |
         x          |
          x         |
           x        |
            x       |
             x      |
              x     |
               x    |
                x   |
                 x  |
                  x |
--------------------

ACTUATOR_MOMENT
     6:  1       
     7:  1       
     8:  1       
     9:  1       
    10:  1       
    11:  1       
    12:  1       
    13:  1       
    14:  1       
    15:  1       
    16:  1       
    17:  1       

CRB
   0         0         0         0         0         0         0         0         0         0       
   1.3       3.7       4.3       1.3      -0.11      0.052    -1e-14    -7.8e-15   1.8e-15   35      
   0.25      0.19      0.31      0.14      0.01     -0.032     0.58     -0.77     -0.16      3.4     
   0.22      0.14      0.24      0.1       0.017    -0.037     0.38     -0.63     -0.19      2.6     
   0.068     0.056     0.033     0.012     0.021    -0.03      0.049    -0.1      -0.13      0.48    
   0.088     0.4       0.34     -0.0099    0.048     0.013     1         0.046    -0.17      3.4     
   0.082     0.33      0.27     -0.027     0.055     0.011     0.8       0.1      -0.2       2.6     
   0.05      0.1       0.056    -0.0045    0.05      0.0042    0.15      0.026    -0.14      0.48    
   0.091     0.48      0.42     -0.0021   -0.07     -0.014    -1.1      -0.015    -0.2       3.4     
   0.084     0.4       0.34     -0.024    -0.075    -0.013    -0.9      -0.084    -0.22      2.6     
   0.051     0.12      0.077    -0.0063   -0.06     -0.0051   -0.18     -0.027    -0.14      0.48    
   0.29      0.23      0.38      0.17     -0.022     0.049    -0.67      0.84     -0.19      3.4     
   0.26      0.17      0.29      0.13     -0.026     0.051    -0.46      0.69     -0.21      2.6     
   0.081     0.061     0.049     0.019    -0.025     0.038    -0.064     0.13     -0.14      0.48    
   0         0         0         0         0         0         0         0         0         0       
   0         0         0         0         0         0         0         0         0         0       

QM
   35      
   0         35      
   0         0         35      
   0.4       0.86      0.003     0.75    
  -0.85      0.39     -0.54     -0.034     4.3     
   0.21      0.47     -0.002    -0.019     0.00081   4.3     
   0.12      0.25     -0.28      0.13      0.072     0.055     0.12    
  -0.23      0.08      0.16     -0.029     0.056    -0.035    -0.021     0.11    
  -0.042     0.025    -0.037     0.0068    0.037    -0.0044    0.0051    0.025     0.033   
   0.11      0.26      0.31      0.14     -0.085     0.071                                   0.14    
  -0.25      0.12      0.095     0.017     0.076     0.047                                   0.012     0.12    
  -0.038     0.016    -0.046    -0.0086    0.041     0.0067                                 -0.0063    0.027     0.033   
   0.12      0.24     -0.33      0.15     -0.095    -0.076                                                                 0.14    
  -0.26      0.12     -0.074     0.011     0.084    -0.055                                                                 0.0078    0.12    
  -0.033     0.018     0.049    -0.0095    0.042    -0.0087                                                               -0.007     0.027     0.033   
   0.1       0.24      0.31      0.13      0.081    -0.056                                                                                               0.13    
  -0.22      0.099    -0.15     -0.024     0.06      0.043                                                                                              -0.017     0.11    
  -0.041     0.021     0.041     0.0081    0.038     0.0073                                                                                              0.0059    0.025     0.033   

QLD
     0:  33      
     0: -0.00093    1:  32      
     0:  0.0016     1: -2.4e-05    2:  31      
     0: -0.44       1: -0.83       2: -0.0046     3:  0.18    
     0: -0.06       1:  0.033      2: -0.16       3: -0.00072    4:  3.8     
     0:  0.05       1:  0.11       2: -0.016      3: -0.0027     4: -0.00025    5:  4.1     
     0:  0.69       1:  2.3        2: -2          3:  1          4:  0.64       5:  0.41       6:  0.11    
     0: -2          1:  0.65       2:  2          3: -0.36       4:  0.29       5: -0.33       6: -0.26       7:  0.095   
     0: -1.3        1:  0.76       2: -1.1        3:  0.21       4:  1.1        5: -0.13       6:  0.15       7:  0.76       8:  0.033   
     0:  1.1        1:  1.8        2:  2.1        3:  1          4: -0.64       5:  0.49       9:  0.13    
     0: -2.3        1:  1.1        2:  1.4        3:  0.26       4:  0.45       5:  0.43       9:  0.18      10:  0.095   
     0: -1.1        1:  0.48       2: -1.4        3: -0.26       4:  1.2        5:  0.2        9: -0.19      10:  0.8       11:  0.033   
     0:  1.1        1:  1.7        2: -2.2        3:  1          4: -0.68       5: -0.52      12:  0.14    
     0: -2.4        1:  1.1        2: -1.2        3:  0.2        4:  0.53       5: -0.5       12:  0.14      13:  0.095   
     0: -1          1:  0.54       2:  1.5        3: -0.28       4:  1.3        5: -0.26      12: -0.21      13:  0.8       14:  0.033   
     0:  0.55       1:  2.1        2:  2.2        3:  1          4:  0.68       5: -0.41      15:  0.12    
     0: -2.1        1:  0.89       2: -1.9        3: -0.32       4:  0.34       5:  0.4       15: -0.23      16:  0.094   
     0: -1.2        1:  0.62       2:  1.2        3:  0.24       4:  1.2        5:  0.22      15:  0.18      16:  0.75      17:  0.033   

QLDIAGINV
   0.031   
   0.031   
   0.032   
   5.6     
   0.26    
   0.24    
   8.8     
   11      
   30      
   7.5     
   11      
   30      
   7.3     
   11      
   30      
   8.3     
   11      
   30      

B: body-dof matrix
--------------------
 xxxxxxxxxxxxxxxxxx |
 xxxxxxxxxxxxxxxxxx |
 xxxxxxxxx          |
 xxxxxxxxx          |
 xxxxxxxxx          |
 xxxxxx   xxx       |
 xxxxxx   xxx       |
 xxxxxx   xxx       |
 xxxxxx      xxx    |
 xxxxxx      xxx    |
 xxxxxx      xxx    |
 xxxxxx         xxx |
 xxxxxx         xxx |
 xxxxxx         xxx |
                    |
                    |
--------------------

B_rownnz              18 18 9 9 9 9 9 9 9 9 9 9 9 9 0 0

B_rowadr              0 18 36 45 54 63 72 81 90 99 108 117 126 135 144 144

B_colind              0 1 2 3 4 5 6 7 8 9 10 11 12 13 14 15 16 17 0 1 2 3 4 5 6 7 8 9 10 11 12 13 14 15 16 17 0 1 2 3 4 5 6 7 8 0 1 2 3 4 5 6 7 8 0 1 2 3 4 5 6 7 8 0 1 2 3 4 5 9 10 11 0 1 2 3 4 5 9 10 11 0 1 2 3 4 5 9 10 11 0 1 2 3 4 5 12 13 14 0 1 2 3 4 5 12 13 14 0 1 2 3 4 5 12 13 14 0 1 2 3 4 5 15 16 17 0 1 2 3 4 5 15 16 17 0 1 2 3 4 5 15 16 17

C: reduced dof-dof matrix
--------------------
 x                  |
 xx                 |
 xxx                |
 xxxx               |
 xxxxx              |
 xxxxxx             |
 xxxxxxx            |
 xxxxxxxx           |
 xxxxxxxxx          |
 xxxxxx   x         |
 xxxxxx   xx        |
 xxxxxx   xxx       |
 xxxxxx      x      |
 xxxxxx      xx     |
 xxxxxx      xxx    |
 xxxxxx         x   |
 xxxxxx         xx  |
 xxxxxx         xxx |
--------------------

C_rownnz              1 2 3 4 5 6 7 8 9 7 8 9 7 8 9 7 8 9

C_rowadr              0 1 3 6 10 15 21 28 36 45 52 60 69 76 84 93 100 108

C_colind              0 0 1 0 1 2 0 1 2 3 0 1 2 3 4 0 1 2 3 4 5 0 1 2 3 4 5 6 0 1 2 3 4 5 6 7 0 1 2 3 4 5 6 7 8 0 1 2 3 4 5 9 0 1 2 3 4 5 9 10 0 1 2 3 4 5 9 10 11 0 1 2 3 4 5 12 0 1 2 3 4 5 12 13 0 1 2 3 4 5 12 13 14 0 1 2 3 4 5 15 0 1 2 3 4 5 15 16 0 1 2 3 4 5 15 16 17

mapM2C                0 2 1 5 4 3 9 8 7 6 14 13 12 11 10 20 19 18 17 16 15 27 26 25 24 23 22 21 35 34 33 32 31 30 29 28 44 43 42 41 40 39 38 37 36 51 50 49 48 47 46 45 59 58 57 56 55 54 53 52 68 67 66 65 64 63 62 61 60 75 74 73 72 71 70 69 83 82 81 80 79 78 77 76 92 91 90 89 88 87 86 85 84 99 98 97 96 95 94 93 107 106 105 104 103 102 101 100 116 115 114 113 112 111 110 109 108

D: dof-dof matrix
--------------------
 Dxxxxxxxxxxxxxxxxx |
 xDxxxxxxxxxxxxxxxx |
 xxDxxxxxxxxxxxxxxx |
 xxxDxxxxxxxxxxxxxx |
 xxxxDxxxxxxxxxxxxx |
 xxxxxDxxxxxxxxxxxx |
 xxxxxxDxx          |
 xxxxxxxDx          |
 xxxxxxxxD          |
 xxxxxx   Dxx       |
 xxxxxx   xDx       |
 xxxxxx   xxD       |
 xxxxxx      Dxx    |
 xxxxxx      xDx    |
 xxxxxx      xxD    |
 xxxxxx         Dxx |
 xxxxxx         xDx |
 xxxxxx         xxD |
--------------------

D_rownnz              18 18 18 18 18 18 9 9 9 9 9 9 9 9 9 9 9 9

D_rowadr              0 18 36 54 72 90 108 117 126 135 144 153 162 171 180 189 198 207

D_colind              0 1 2 3 4 5 6 7 8 9 10 11 12 13 14 15 16 17 0 1 2 3 4 5 6 7 8 9 10 11 12 13 14 15 16 17 0 1 2 3 4 5 6 7 8 9 10 11 12 13 14 15 16 17 0 1 2 3 4 5 6 7 8 9 10 11 12 13 14 15 16 17 0 1 2 3 4 5 6 7 8 9 10 11 12 13 14 15 16 17 0 1 2 3 4 5 6 7 8 9 10 11 12 13 14 15 16 17 0 1 2 3 4 5 6 7 8 0 1 2 3 4 5 6 7 8 0 1 2 3 4 5 6 7 8 0 1 2 3 4 5 9 10 11 0 1 2 3 4 5 9 10 11 0 1 2 3 4 5 9 10 11 0 1 2 3 4 5 12 13 14 0 1 2 3 4 5 12 13 14 0 1 2 3 4 5 12 13 14 0 1 2 3 4 5 15 16 17 0 1 2 3 4 5 15 16 17 0 1 2 3 4 5 15 16 17

mapM2D                0 2 5 9 14 20 27 35 44 51 59 68 75 83 92 99 107 116 2 1 4 8 13 19 26 34 43 50 58 67 74 82 91 98 106 115 5 4 3 7 12 18 25 33 42 49 57 66 73 81 90 97 105 114 9 8 7 6 11 17 24 32 41 48 56 65 72 80 89 96 104 113 14 13 12 11 10 16 23 31 40 47 55 64 71 79 88 95 103 112 20 19 18 17 16 15 22 30 39 46 54 63 70 78 87 94 102 111 27 26 25 24 23 22 21 29 38 35 34 33 32 31 30 29 28 37 44 43 42 41 40 39 38 37 36 51 50 49 48 47 46 45 53 62 59 58 57 56 55 54 53 52 61 68 67 66 65 64 63 62 61 60 75 74 73 72 71 70 69 77 86 83 82 81 80 79 78 77 76 85 92 91 90 89 88 87 86 85 84 99 98 97 96 95 94 93 101 110 107 106 105 104 103 102 101 100 109 116 115 114 113 112 111 110 109 108

mapD2M                0 19 18 38 37 36 57 56 55 54 76 75 74 73 72 95 94 93 92 91 90 114 113 112 111 110 109 108 124 123 122 121 120 119 118 117 134 133 132 131 130 129 128 127 126 141 140 139 138 137 136 135 151 150 149 148 147 146 145 144 161 160 159 158 157 156 155 154 153 168 167 166 165 164 163 162 178 177 176 175 174 173 172 171 188 187 186 185 184 183 182 181 180 195 194 193 192 191 190 189 205 204 203 202 201 200 199 198 215 214 213 212 211 210 209 208 207

QDERIV
     0:  0          1:  0          2:  0          3:  0          4:  0          5:  0          6:  0          7:  0          8:  0          9:  0         10:  0         11:  0         12:  0         13:  0         14:  0         15:  0         16:  0         17:  0       
     0:  0          1:  0          2:  0          3:  0          4:  0          5:  0          6:  0          7:  0          8:  0          9:  0         10:  0         11:  0         12:  0         13:  0         14:  0         15:  0         16:  0         17:  0       
     0:  0          1:  0          2:  0          3:  0          4:  0          5:  0          6:  0          7:  0          8:  0          9:  0         10:  0         11:  0         12:  0         13:  0         14:  0         15:  0         16:  0         17:  0       
     0:  0          1:  0          2:  0          3:  0          4:  0          5:  0          6:  0          7:  0          8:  0          9:  0         10:  0         11:  0         12:  0         13:  0         14:  0         15:  0         16:  0         17:  0       
     0:  0          1:  0          2:  0          3:  0          4:  0          5:  0          6:  0          7:  0          8:  0          9:  0         10:  0         11:  0         12:  0         13:  0         14:  0         15:  0         16:  0         17:  0       
     0:  0          1:  0          2:  0          3:  0          4:  0          5:  0          6:  0          7:  0          8:  0          9:  0         10:  0         11:  0         12:  0         13:  0         14:  0         15:  0         16:  0         17:  0       
     0:  0          1:  0          2:  0          3:  0          4:  0          5:  0          6: -0.01       7:  0          8:  0       
     0:  0          1:  0          2:  0          3:  0          4:  0          5:  0          6:  0          7: -0.01       8:  0       
     0:  0          1:  0          2:  0          3:  0          4:  0          5:  0          6:  0          7:  0          8: -0.01    
     0:  0          1:  0          2:  0          3:  0          4:  0          5:  0          9: -0.01      10:  0         11:  0       
     0:  0          1:  0          2:  0          3:  0          4:  0          5:  0          9:  0         10: -0.01      11:  0       
     0:  0          1:  0          2:  0          3:  0          4:  0          5:  0          9:  0         10:  0         11: -0.01    
     0:  0          1:  0          2:  0          3:  0          4:  0          5:  0         12: -0.01      13:  0         14:  0       
     0:  0          1:  0          2:  0          3:  0          4:  0          5:  0         12:  0         13: -0.01      14:  0       
     0:  0          1:  0          2:  0          3:  0          4:  0          5:  0         12:  0         13:  0         14: -0.01    
     0:  0          1:  0          2:  0          3:  0          4:  0          5:  0         15: -0.01      16:  0         17:  0       
     0:  0          1:  0          2:  0          3:  0          4:  0          5:  0         15:  0         16: -0.01      17:  0       
     0:  0          1:  0          2:  0          3:  0          4:  0          5:  0         15:  0         16:  0         17: -0.01    

QLU
     0:  0          1:  0          2:  0          3:  0          4:  0          5:  0          6:  0          7:  0          8:  0          9:  0         10:  0         11:  0         12:  0         13:  0         14:  0         15:  0         16:  0         17:  0       
     0:  0          1:  0          2:  0          3:  0          4:  0          5:  0          6:  0          7:  0          8:  0          9:  0         10:  0         11:  0         12:  0         13:  0         14:  0         15:  0         16:  0         17:  0       
     0:  0          1:  0          2:  0          3:  0          4:  0          5:  0          6:  0          7:  0          8:  0          9:  0         10:  0         11:  0         12:  0         13:  0         14:  0         15:  0         16:  0         17:  0       
     0:  0          1:  0          2:  0          3:  0          4:  0          5:  0          6:  0          7:  0          8:  0          9:  0         10:  0         11:  0         12:  0         13:  0         14:  0         15:  0         16:  0         17:  0       
     0:  0          1:  0          2:  0          3:  0          4:  0          5:  0          6:  0          7:  0          8:  0          9:  0         10:  0         11:  0         12:  0         13:  0         14:  0         15:  0         16:  0         17:  0       
     0:  0          1:  0          2:  0          3:  0          4:  0          5:  0          6:  0          7:  0          8:  0          9:  0         10:  0         11:  0         12:  0         13:  0         14:  0         15:  0         16:  0         17:  0       
     0:  0          1:  0          2:  0          3:  0          4:  0          5:  0          6:  0          7:  0          8:  0       
     0:  0          1:  0          2:  0          3:  0          4:  0          5:  0          6:  0          7:  0          8:  0       
     0:  0          1:  0          2:  0          3:  0          4:  0          5:  0          6:  0          7:  0          8:  0       
     0:  0          1:  0          2:  0          3:  0          4:  0          5:  0          9:  0         10:  0         11:  0       
     0:  0          1:  0          2:  0          3:  0          4:  0          5:  0          9:  0         10:  0         11:  0       
     0:  0          1:  0          2:  0          3:  0          4:  0          5:  0          9:  0         10:  0         11:  0       
     0:  0          1:  0          2:  0          3:  0          4:  0          5:  0         12:  0         13:  0         14:  0       
     0:  0          1:  0          2:  0          3:  0          4:  0          5:  0         12:  0         13:  0         14:  0       
     0:  0          1:  0          2:  0          3:  0          4:  0          5:  0         12:  0         13:  0         14:  0       
     0:  0          1:  0          2:  0          3:  0          4:  0          5:  0         15:  0         16:  0         17:  0       
     0:  0          1:  0          2:  0          3:  0          4:  0          5:  0         15:  0         16:  0         17:  0       
     0:  0          1:  0          2:  0          3:  0          4:  0          5:  0         15:  0         16:  0         17:  0       

CONTACT
  0:
     dim           6
     geoms         floor : fr_calf_collision
     exclude       0
     efc_address   12
     solref         0.02      1       
     solimp         0.5       0.95      0.001     0.5       2       
     dist          -0.0025  
     includemargin  1e-05   
     pos           -1.1      -3        -0.0013  
     frame          0         0         1         0         1         0        -1         0         0       
     friction       0.8       0.8       0.02      0.01      0.01    
     mu             0.08    
  1:
     dim           6
     geoms         floor : rl_calf_collision
     exclude       0
     efc_address   18
     solref         0.02      1       
     solimp         0.5       0.95      0.001     0.5       2       
     dist          -0.0021  
     includemargin  1e-05   
     pos           -1.5      -2.5      -0.001   
     frame          0         0         1         0         1         0        -1         0         0       
     friction       0.6       0.6       0.02      0.01      0.01    
     mu             0.06    

EFC_TYPE
  1
  1
  1
  1
  1
  1
  1
  1
  1
  1
  1
  1
  7
  7
  7
  7
  7
  7
  7
  7
  7
  7
  7
  7

EFC_ID
  6
  7
  8
  9
  10
  11
  12
  13
  14
  15
  16
  17
  0
  0
  0
  0
  0
  0
  1
  1
  1
  1
  1
  1

EFC_J
   0         0         0         0         0         0         1         0         0         0         0         0         0         0         0         0         0         0       
   0         0         0         0         0         0         0         1         0         0         0         0         0         0         0         0         0         0       
   0         0         0         0         0         0         0         0         1         0         0         0         0         0         0         0         0         0       
   0         0         0         0         0         0         0         0         0         1         0         0         0         0         0         0         0         0       
   0         0         0         0         0         0         0         0         0         0         1         0         0         0         0         0         0         0       
   0         0         0         0         0         0         0         0         0         0         0         1         0         0         0         0         0         0       
   0         0         0         0         0         0         0         0         0         0         0         0         1         0         0         0         0         0       
   0         0         0         0         0         0         0         0         0         0         0         0         0         1         0         0         0         0       
   0         0         0         0         0         0         0         0         0         0         0         0         0         0         1         0         0         0       
   0         0         0         0         0         0         0         0         0         0         0         0         0         0         0         1         0         0       
   0         0         0         0         0         0         0         0         0         0         0         0         0         0         0         0         1         0       
   0         0         0         0         0         0         0         0         0         0         0         0         0         0         0         0         0         1       
   0         0         1        -0.15     -0.3       0.0028   -0.098     0.017    -0.17      0         0         0         0         0         0         0         0         0       
   0         1         0         0.41      0.19      0.2       0.41      0.18      0.12      0         0         0         0         0         0         0         0         0       
  -1         0         0        -0.19      0.4      -0.25     -0.19      0.39      0.21      0         0         0         0         0         0         0         0         0       
   0         0         0         0.026    -0.0035    1         0.026     0.14      0.14      0         0         0         0         0         0         0         0         0       
   0         0         0        -0.42      0.91      0.014    -0.42      0.9       0.9       0         0         0         0         0         0         0         0         0       
   0         0         0        -0.91     -0.42      0.022    -0.91     -0.42     -0.42      0         0         0         0         0         0         0         0         0       
   0         0         1         0.19      0.33     -0.0038    0         0         0         0         0         0         0         0         0         0.14      0.012     0.2     
   0         1         0         0.39      0.19     -0.22      0         0         0         0         0         0         0         0         0         0.39      0.18      0.1     
  -1         0         0        -0.18      0.4       0.32      0         0         0         0         0         0         0         0         0        -0.18      0.39      0.2     
   0         0         0         0.026    -0.0035    1         0         0         0         0         0         0         0         0         0         0.026    -0.035    -0.035   
   0         0         0        -0.42      0.91      0.014     0         0         0         0         0         0         0         0         0        -0.42      0.91      0.91    
   0         0         0        -0.91     -0.42      0.022     0         0         0         0         0         0         0         0         0        -0.91     -0.42     -0.42    

EFC_POS
   0       
   0       
   0       
   0       
   0       
   0       
   0       
   0       
   0       
   0       
   0       
   0       
  -0.0025  
   0       
   0       
   0       
   0       
   0       
  -0.0021  
   0       
   0       
   0       
   0       
   0       

EFC_MARGIN
   0       
   0       
   0       
   0       
   0       
   0       
   0       
   0       
   0       
   0       
   0       
   0       
   1e-05   
   0       
   0       
   0       
   0       
   0       
   1e-05   
   0       
   0       
   0       
   0       
   0       

EFC_FRICTIONLOSS
   0.01    
   0.01    
   0.01    
   0.01    
   0.01    
   0.01    
   0.01    
   0.01    
   0.01    
   0.01    
   0.01    
   0.01    
   0       
   0       
   0       
   0       
   0       
   0       
   0       
   0       
   0       
   0       
   0       
   0       

EFC_DIAGAPPROX
   12      
   11      
   45      
   12      
   11      
   45      
   12      
   11      
   45      
   12      
   11      
   45      
   0.72    
   0.0072  
   0.0072  
   12      
   46      
   46      
   0.72    
   0.0072  
   0.0072  
   6.5     
   26      
   26      

EFC_KBIP
   0         1.1e+02   0.9       0       
   0         1.1e+02   0.9       0       
   0         1.1e+02   0.9       0       
   0         1.1e+02   0.9       0       
   0         1.1e+02   0.9       0       
   0         1.1e+02   0.9       0       
   0         1.1e+02   0.9       0       
   0         1.1e+02   0.9       0       
   0         1.1e+02   0.9       0       
   0         1.1e+02   0.9       0       
   0         1.1e+02   0.9       0       
   0         1.1e+02   0.9       0       
   2.8e+03   1.1e+02   0.95      0       
   0         1.1e+02   0.95      0       
   0         1.1e+02   0.95      0       
   0         1.1e+02   0.95      0       
   0         1.1e+02   0.95      0       
   0         1.1e+02   0.95      0       
   2.8e+03   1.1e+02   0.95      0       
   0         1.1e+02   0.95      0       
   0         1.1e+02   0.95      0       
   0         1.1e+02   0.95      0       
   0         1.1e+02   0.95      0       
   0         1.1e+02   0.95      0       

EFC_D
   0.76    
   0.82    
   0.2     
   0.76    
   0.82    
   0.2     
   0.76    
   0.82    
   0.2     
   0.76    
   0.82    
   0.2     
   26      
   2.6e+03 
   2.6e+03 
   1.6     
   0.41    
   0.41    
   26      
   2.6e+03 
   2.6e+03 
   2.9     
   0.73    
   0.73    

EFC_R
   1.3     
   1.2     
   5       
   1.3     
   1.2     
   5       
   1.3     
   1.2     
   5       
   1.3     
   1.2     
   5       
   0.038   
   0.00038 
   0.00038 
   0.61    
   2.4     
   2.4     
   0.038   
   0.00038 
   0.00038 
   0.34    
   1.4     
   1.4     

ACTUATOR_VELOCITY
   0.2     
   0.061   
  -0.005   
  -0.71    
   0.016   
  -0.38    
  -0.86    
   0.25    
  -0.21    
   0.19    
   0.16    
  -0.16    

CVEL
   0         0         0         0         0         0       
  -0.015    -0.028    -0.016    -0.023    -0.084     0.01    
   0.17     -0.11     -0.011    -0.021    -0.079     0.021   
   0.19     -0.059    -0.0025   -0.024    -0.08      0.039   
   0.19     -0.063    -0.0032   -0.025    -0.08      0.038   
  -0.66      0.27     -0.034    -0.032    -0.1       0.046   
  -0.65      0.28     -0.035    -0.032    -0.1       0.05    
  -0.81     -0.061    -0.021    -0.1      -0.071    -0.011   
  -0.8       0.34     -0.038    -0.032    -0.11     -0.033   
  -0.69      0.56     -0.05     -0.038    -0.11     -0.12    
  -0.78      0.38     -0.04     -0.079    -0.086    -0.073   
   0.16     -0.11     -0.011    -0.021    -0.079     0.00086 
   0.23      0.036    -0.017    -0.024    -0.08     -0.052   
   0.16     -0.11     -0.011    -0.051    -0.067    -0.028   
   0         0         0         0         0         0       
   0         0         0         0         0         0       

CDOF_DOT
   0         0         0         0         0         0       
   0         0         0         0         0         0       
   0         0         0         0         0         0       
   0         0        -0         0.0021    0.0096    0.086   
  -0         0         0        -0.0087    0.0041    0.014   
   0        -0         0        -0.084     0.024    -0.0021  
  -0.0075   -0.014     0.032     0.0012    0.011     0.086   
  -0.0057   -0.027     0.2      -0.063    -0.038     0.0044  
  -0.0057   -0.027     0.2      -0.052    -0.0011    0.0043  
  -0.0075   -0.014     0.032     0.004     0.0091    0.086   
   0.021    -0.039    -0.71      0.044     0.21      0.0047  
   0.021    -0.039    -0.71      0.0012    0.12      0.012   
  -0.0075   -0.014     0.032     0.0012    0.011     0.086   
   0.019    -0.053    -0.86     -0.076    -0.28      0.028   
   0.019    -0.053    -0.86     -0.014    -0.21     -0.03    
  -0.0075   -0.014     0.032     0.004     0.0091    0.086   
   0.014     0.00091   0.19      0.038     0.052     0.012   
   0.014     0.00091   0.19      0.043     0.0075   -0.013   

QFRC_BIAS
  -0.0021  
   0.093   
   3.4e+02 
   0.029   
  -5.3     
  -0.11    
  -2.8     
   1.6     
  -0.36    
   3       
   0.94    
  -0.46    
  -3.3     
  -0.73    
   0.5     
   3       
  -1.4     
   0.4     

QFRC_SPRING
   0       
   0       
   0       
   0       
   0       
   0       
   0       
   0       
   0       
   0       
   0       
   0       
   0       
   0       
   0       
   0       
   0       
   0       

QFRC_DAMPER
   0       
   0       
   0       
   0       
   0       
   0       
  -0.002   
  -0.00061 
   5e-05   
   0.0071  
  -0.00016 
   0.0038  
   0.0086  
  -0.0025  
   0.0021  
  -0.0019  
  -0.0016  
   0.0016  

QFRC_GRAVCOMP
   0       
   0       
   0       
   0       
   0       
   0       
   0       
   0       
   0       
   0       
   0       
   0       
   0       
   0       
   0       
   0       
   0       
   0       

QFRC_FLUID
   0       
   0       
   0       
   0       
   0       
   0       
   0       
   0       
   0       
   0       
   0       
   0       
   0       
   0       
   0       
   0       
   0       
   0       

QFRC_PASSIVE
   0       
   0       
   0       
   0       
   0       
   0       
  -0.002   
  -0.00061 
   5e-05   
   0.0071  
  -0.00016 
   0.0038  
   0.0086  
  -0.0025  
   0.0021  
  -0.0019  
  -0.0016  
   0.0016  

EFC_VEL
   0.2     
   0.061   
  -0.005   
  -0.71    
   0.016   
  -0.38    
  -0.86    
   0.25    
  -0.21    
   0.19    
   0.16    
  -0.16    
   0.0016  
  -0.00045 
  -0.00042 
  -0.0032  
  -0.063   
  -0.19    
  -0.0034  
   0.0011  
   0.00079 
  -0.011   
  -0.11    
  -0.16    

EFC_AREF
  -21      
  -6.4     
   0.52    
   74      
  -1.6     
   40      
   91      
  -27      
   22      
  -20      
  -17      
   17      
   6.5     
   0.048   
   0.045   
   0.34    
   6.7     
   20      
   5.8     
  -0.12    
  -0.083   
   1.2     
   12      
   17      

SUBTREE_LINVEL
   0         0         0       
   0         0         0       
   0         0         0       
   0         0         0       
   0         0         0       
   0         0         0       
   0         0         0       
   0         0         0       
   0         0         0       
   0         0         0       
   0         0         0       
   0         0         0       
   0         0         0       
   0         0         0       
   0         0         0       
   0         0         0       

SUBTREE_ANGMOM
   0         0         0       
   0         0         0       
   0         0         0       
   0         0         0       
   0         0         0       
   0         0         0       
   0         0         0       
   0         0         0       
   0         0         0       
   0         0         0       
   0         0         0       
   0         0         0       
   0         0         0       
   0         0         0       
   0         0         0       
   0         0         0       

ACTUATOR_FORCE
   9.8     
  -14      
   23      
   3.3     
   1.1     
  -0.28    
  -3.1     
  -0.99    
   0.52    
  -11      
   9.9     
  -23      

QFRC_ACTUATOR
   0       
   0       
   0       
   0       
   0       
   0       
   9.8     
  -14      
   23      
   3.3     
   1.1     
  -0.28    
  -3.1     
  -0.99    
   0.52    
  -11      
   9.9     
  -23      

QFRC_SMOOTH
   0.0021  
  -0.093   
  -3.4e+02 
  -0.029   
   5.3     
   0.11    
   13      
  -16      
   24      
   0.24    
   0.12    
   0.18    
   0.14    
  -0.27    
   0.03    
  -14      
   11      
  -24      

QACC_SMOOTH
  -0.19    
  -0.0033  
  -5.1     
   1.6     
   1.3     
  -3.9     
  -9.1     
  -3.5e+02 
   9.7e+02 
   14      
   4.4     
  -3       
  -13      
  -11      
   12      
  -18      
   2.9e+02 
  -9.2e+02 

EFC_B
   12      
  -3.4e+02 
   9.7e+02 
  -60      
   6.1     
  -43      
  -1e+02   
   16      
  -9.7     
   2.6     
   3.1e+02 
  -9.4e+02 
  -1.9e+02 
   53      
   69      
   79      
   5.6e+02 
  -2.7e+02 
  -1.9e+02 
  -46      
  -71      
   17      
  -5.7e+02 
   2.6e+02 

EFC_FORCE
  -0.01    
  -0.01    
   0.01    
   0.01    
  -0.01    
   0.01    
   0.01    
  -0.01    
   0.01    
  -0.01    
  -0.01    
   0.01    
   1.8e+02 
   26      
   20      
   0.2     
   0.61    
   1.6     
   1.6e+02 
  -28      
  -21      
   0.34    
   0.81    
   1.2     

EFC_STATE
  3
  3
  2
  2
  3
  2
  2
  3
  2
  3
  3
  2
  4
  4
  4
  4
  4
  4
  4
  4
  4
  4
  4
  4

QFRC_CONSTRAINT
   0.89    
  -1.7     
   3.3e+02 
   0.21    
  -2.3     
  -0.077   
  -12      
   16      
  -24      
   0.01    
  -0.01    
   0.01    
   0.01    
  -0.01    
   0.01    
   14      
  -11      
   24      

QFRC_INVERSE
   0       
   0       
   0       
   0       
   0       
   0       
   0       
   0       
   0       
   0       
   0       
   0       
   0       
   0       
   0       
   0       
   0       
   0       

CACC
   0         0         0        -0        -0         9.8     
  -1.3       1.4      -0.099    -0.046    -0.13      9.5     
   0.62      0.56     -0.039    -0.024    -0.071     9.6     
   0.82      0.98      0.037    -0.054    -0.082     9.8     
  -0.079    -0.96     -0.25     -0.33      0.08      9.6     
   3.6      -0.8       0.015     0.018    -0.0044    9.2     
   3.2      -1.6       0.036     0.043    -0.023     8.9     
   5.7       3.7       0.091     1.1      -0.52      9.9     
   1.7       0.053    -0.042    -0.013    -0.051     9.6     
   0.031    -3.6      -0.073     0.055    -0.094     11      
   1.8       0.11     -0.085     0.89     -0.48      10      
   0.44      0.64     -0.045    -0.022    -0.079     9.4     
  -0.051    -0.41      0.027     0.012    -0.068     9.8     
   0.32      0.38     -0.035     0.15     -0.14      9.7     
   0         0         0         0         0         9.8     
   0         0         0         0         0         9.8     

CFRC_INT
  -2.2e-12  -3.6e-13   1.5e-12   8.7e-13  -4.7e-12  -9.1e-13 
  -2.2e-12  -3.6e-13   1.5e-12   8.7e-13  -4.7e-12  -9.1e-13 
   29        20       -0.16      20       -26       -1.5e+02 
   30        22       -0.13      20       -26       -1.5e+02 
   35        25       -0.077     20       -26       -1.7e+02 
   0.77     -9.7       0.14      0.14      0.53      32      
   1.3      -7.6       0.17      0.14      0.62      25      
   0.46     -1.3       0.19      0.011     0.54      4.5     
  -0.13      11        0.031     0.9       0.032     33      
  -0.81      8.7       0.014     0.91      0.083     26      
  -0.24      1.7      -0.018     0.43      0.079     5       
  -29       -21        0.15     -21        28       -1.2e+02 
  -30       -23        0.13     -21        28       -1.3e+02 
  -36       -27        0.11     -21        28       -1.5e+02 
   0         0         0         0         0         0       
   0         0         0         0         0         0       

CFRC_EXT
   0         0         0         0         0         0       
   0         0         0         0         0         0       
   0         0         0         0         0         0       
   0         0         0         0         0         0       
  -36       -25        0.065    -20        26        1.8e+02 
   0         0         0         0         0         0       
   0         0         0         0         0         0       
   0         0         0         0         0         0       
   0         0         0         0         0         0       
   0         0         0         0         0         0       
   0         0         0         0         0         0       
   0         0         0         0         0         0       
   0         0         0         0         0         0       
   37        28       -0.11      21       -28        1.6e+02 
   0         0         0         0         0         0       
   0         0         0         0         0         0       

