SIZES
  narena                14680064
  nbuffer               447552
  nplugin               0
  maxuse_stack          10472
  maxuse_arena          35712
  maxuse_con            4
  maxuse_efc            40
  solver_nisland        1
  ne                    0
  nf                    12
  nl                    4
  nefc                  40
  nnzJ                  720
  ncon                  4
  nisland               0
  threadpool            0

TIMER
    0:  duration =  0          number = 0
    1:  duration =  0          number = 1
    2:  duration =  0          number = 0
    3:  duration =  0          number = 1
    4:  duration =  0          number = 1
    5:  duration =  0          number = 1
    6:  duration =  0          number = 1
    7:  duration =  0          number = 0
    8:  duration =  0          number = 1
    9:  duration =  11         number = 2642
    10:  duration =  0          number = 1
    11:  duration =  0          number = 1
    12:  duration =  0          number = 1
    13:  duration =  0          number = 1
    14:  duration =  0          number = 1

SOLVER STAT
  solver_nisland = 1
  solver_fwdinv =   0         0       
  ISLAND 0
    solver_niter = 4
    solver_nnz = 324
      0:  improvement =  5.9e+04     gradient =  17          lineslope =  1.1e-15 
          nactive = 28   nchange = 36   neval = 3   nupdate = 48
      1:  improvement =  2.6e+03     gradient =  0.62        lineslope =  2.1e-17 
          nactive = 40   nchange = 12   neval = 5   nupdate = 24
      2:  improvement =  11          gradient =  0.00013     lineslope =  7.8e-14 
          nactive = 40   nchange = 0   neval = 3   nupdate = 24
      3:  improvement =  1.5e-06     gradient =  1.3e-09     lineslope =  7.9e-11 
          nactive = 40   nchange = 0   neval = 2   nupdate = 24

ENERGY =   0         0       

TIME =  0       

QPOS
  -0.0055  
  -0.00094 
   0.29    
   1       
   0.00017 
   0.0028  
   0.0005  
  -0.0071  
   0.88    
  -1.7     
   0.011   
   1.1     
  -2       
   0.0027  
   1       
  -2       
  -0.001   
   0.87    
  -1.7     

QVEL
   0.0042  
   0.0014  
  -0.024   
  -0.014   
   0.0099  
   0.04    
  -0.0058  
   0.12    
  -0.2     
  -0.046   
   2.2     
  -4       
   0.011   
   2.3     
  -4       
   0.045   
   0.061   
  -0.16    

QACC_WARMSTART
   0.43    
   0.00058 
  -7.3     
   0.13    
   80      
   0.095   
  -26      
   6.4e+02 
  -2.2e+03 
   25      
   6.4e+02 
  -2.2e+03 
   15      
   6.3e+02 
  -2.2e+03 
  -15      
   6.3e+02 
  -2.2e+03 

CTRL
   0       
   0       
   0       
   0       
   0       
   0       
   0       
   0       
   0       
   0       
   0       
   0       

QFRC_APPLIED
   0       
   0       
   0       
   0       
   0       
   0       
   0       
   0       
   0       
   0       
   0       
   0       
   0       
   0       
   0       
   0       
   0       
   0       

XFRC_APPLIED
   0         0         0         0         0         0       
   0         0         0         0         0         0       
   0         0         0         0         0         0       
   0         0         0         0         0         0       
   0         0         0         0         0         0       
   0         0         0         0         0         0       
   0         0         0         0         0         0       
   0         0         0         0         0         0       
   0         0         0         0         0         0       
   0         0         0         0         0         0       
   0         0         0         0         0         0       
   0         0         0         0         0         0       
   0         0         0         0         0         0       
   0         0         0         0         0         0       
   0         0         0         0         0         0       
   0         0         0         0         0         0       

MOCAP_POS
   0         0         0.1     
   0         0         0.1     

MOCAP_QUAT
   1         0         0         0       
   1         0         0         0       

QACC
   0.22    
   0.22    
  -9.8     
   0.13    
   80      
   0.095   
  -26      
   6.4e+02 
  -2.2e+03 
   25      
   6.4e+02 
  -2.2e+03 
   15      
   6.3e+02 
  -2.2e+03 
  -15      
   6.3e+02 
  -2.2e+03 

SENSOR
   0       
   0       
   0       
   1       
   0       
   0       
   0       
   0.43    
   0.00058 
   2.5     

XPOS
   0         0         0       
  -0.0055   -0.00094   0.29    
   0.18     -0.048     0.29    
   0.18     -0.13      0.29    
   0.017    -0.13      0.15    
   0.18      0.046     0.29    
   0.18      0.13      0.29    
  -0.003     0.13      0.18    
  -0.19     -0.048     0.29    
  -0.19     -0.13      0.29    
  -0.38     -0.13      0.18    
  -0.19      0.046     0.29    
  -0.19      0.13      0.29    
  -0.36      0.13      0.15    
   0         0         0.1     
   0         0         0.1     

XQUAT
   1         0         0         0       
   1         0.00017   0.0028    0.0005  
   1        -0.0034    0.0028    0.00051 
   0.9      -0.0033    0.43     -0.00097 
   0.92     -0.0029   -0.4       0.0018  
   1         0.0057    0.0028    0.00049 
   0.86      0.0047    0.5       0.0033  
   0.89      0.0053   -0.46     -0.0022  
   1         0.0015    0.0028    0.0005  
   0.87      0.0011    0.5       0.0012  
   0.89      0.0016   -0.46     -0.00025 
   1        -0.00034   0.0028    0.0005  
   0.91     -0.00052   0.43      0.00031 
   0.92     -0.00011  -0.4       0.0006  
   1         0         0         0       
   1         0         0         0       

XMAT
   1         0         0         0         1         0         0         0         1       
   1        -0.001     0.0057    0.001     1        -0.00034  -0.0057    0.00035   1       
   1        -0.001     0.0056    0.001     1         0.0067   -0.0057   -0.0067    1       
   0.63     -0.001     0.78     -0.0045    1         0.005    -0.78     -0.0067    0.63    
   0.69     -0.001    -0.73      0.0056    1         0.0039    0.73     -0.0067    0.69    
   1        -0.00094   0.0057    0.001     1        -0.011    -0.0057    0.011     1       
   0.49     -0.00094   0.87      0.01      1        -0.0048   -0.87      0.011     0.49    
   0.58     -0.00094  -0.81     -0.0088    1        -0.0074    0.81      0.011     0.58    
   1        -0.00099   0.0057    0.001     1        -0.003    -0.0057    0.003     1       
   0.5      -0.00099   0.87      0.0031    1        -0.00064  -0.87      0.003     0.5     
   0.58     -0.00099  -0.82     -0.0019    1        -0.0026    0.82      0.003     0.58    
   1        -0.001     0.0057    0.001     1         0.00069  -0.0057   -0.00068   1       
   0.64     -0.001     0.77      0.00012   1         0.0012   -0.77     -0.00068   0.64    
   0.69     -0.001    -0.73      0.0012    1        -0.00026   0.73     -0.00068   0.69    
   1         0         0         0         1         0         0         0         1       
   1         0         0         0         1         0         0         0         1       

XIPOS
   0         0         0       
   0.017     0.0011    0.29    
   0.18     -0.04      0.29    
   0.16     -0.11      0.27    
   0.13     -0.13      0.057   
   0.18      0.038     0.29    
   0.15      0.11      0.28    
   0.12      0.13      0.1     
  -0.19     -0.04      0.29    
  -0.22     -0.11      0.28    
  -0.26     -0.13      0.1     
  -0.19      0.038     0.29    
  -0.22      0.11      0.27    
  -0.25      0.13      0.057   
   0         0         0.2     
   0         0         0.2     

XIMAT
   1         0         0         0         1         0         0         0         1       
   0.00031   0.006     1        -0.005    -1         0.006     1        -0.005    -0.00028 
   0.042     0.025     1         1         0.012    -0.043    -0.013     1        -0.024   
  -0.2      -0.56      0.8       0.98     -0.13      0.16      0.018     0.82      0.57    
  -0.03     -0.7      -0.72      1        -0.05      0.0064   -0.04     -0.72      0.7     
  -0.044     0.025     1         1        -0.016     0.045     0.017     1        -0.024   
   0.2      -0.41      0.89      0.98      0.13     -0.16     -0.047     0.9       0.43    
  -0.025    -0.59     -0.81      1        -0.036    -0.0051   -0.026    -0.81      0.59    
  -0.045    -0.013     1         1         0.0019    0.045    -0.0025    1         0.013   
  -0.2      -0.42      0.89      0.98     -0.14      0.15      0.06      0.9       0.44    
  -0.025    -0.59     -0.81      1        -0.042    -0.00013  -0.034    -0.81      0.59    
   0.043    -0.013     1         1        -0.0042   -0.043     0.0048    1         0.013   
   0.2      -0.57      0.8       0.98      0.14     -0.15     -0.023     0.81      0.58    
  -0.03     -0.69     -0.72      1        -0.045     0.0022   -0.034    -0.72      0.69    
   1         0         0         0         1         0         0         0         1       
   1         0         0         0         1         0         0         0         1       

XANCHOR
  -0.0055   -0.00094   0.29    
   0.18     -0.048     0.29    
   0.18     -0.13      0.29    
   0.017    -0.13      0.15    
   0.18      0.046     0.29    
   0.18      0.13      0.29    
  -0.003     0.13      0.18    
  -0.19     -0.048     0.29    
  -0.19     -0.13      0.29    
  -0.38     -0.13      0.18    
  -0.19      0.046     0.29    
  -0.19      0.13      0.29    
  -0.36      0.13      0.15    

XAXIS
   0         0         1       
   1         0.001    -0.0057  
  -0.001     1        -0.0067  
  -0.001     1        -0.0067  
   1         0.001    -0.0057  
  -0.00094   1         0.011   
  -0.00094   1         0.011   
   1         0.001    -0.0057  
  -0.00099   1         0.003   
  -0.00099   1         0.003   
   1         0.001    -0.0057  
  -0.001     1        -0.00068 
  -0.001     1        -0.00068 

GEOM_XPOS
   0         0         0       
   0.059    -0.00088   0.29    
  -0.0055   -0.00094   0.29    
  -0.0055   -0.041     0.29    
  -0.0055    0.039     0.29    
   0.24     -0.00069   0.29    
   0.24      0.059     0.28    
   0.24     -0.061     0.28    
   0.24     -0.00068   0.24    
   0.25     -0.0007    0.32    
   0.17     -0.049     0.29    
   0.18     -0.093     0.29    
   0.18     -0.11      0.29    
   0.14     -0.11      0.26    
   0.11     -0.13      0.25    
   0.14     -0.13      0.26    
   0.037    -0.13      0.18    
   0.11     -0.13      0.074   
   0.071    -0.13      0.12    
   0.14     -0.13      0.048   
   0.17     -0.13      0.008   
   0.17      0.044     0.29    
   0.18      0.091     0.29    
   0.18      0.11      0.29    
   0.15      0.1       0.27    
   0.1       0.13      0.27    
   0.13      0.13      0.27    
   0.021     0.13      0.21    
   0.1       0.13      0.12    
   0.056     0.13      0.15    
   0.14      0.13      0.096   
   0.17      0.13      0.06    
  -0.18     -0.046     0.29    
  -0.19     -0.093     0.29    
  -0.19     -0.11      0.29    
  -0.19     -0.048     0.29    
  -0.24     -0.11      0.27    
  -0.27     -0.13      0.27    
  -0.24     -0.13      0.27    
  -0.35     -0.13      0.21    
  -0.27     -0.13      0.12    
  -0.32     -0.13      0.15    
  -0.24     -0.13      0.097   
  -0.2      -0.13      0.061   
  -0.18      0.044     0.29    
  -0.19      0.091     0.29    
  -0.19      0.11      0.29    
  -0.19      0.046     0.29    
  -0.23      0.1       0.27    
  -0.27      0.13      0.25    
  -0.24      0.13      0.27    
  -0.34      0.13      0.18    
  -0.26      0.13      0.074   
  -0.3       0.13      0.12    
  -0.23      0.13      0.048   
  -0.2       0.13      0.0083  

GEOM_XMAT
   1         0         0         0         1         0         0         0         1       
  -0.0086    0.001     1        -0.00036  -1         0.001     1        -0.00035   0.0086  
   1        -0.001     0.0057    0.001     1        -0.00034  -0.0057    0.00035   1       
  -0.0057   -0.001     1         0.00034   1         0.001    -1         0.00035  -0.0057  
  -0.0057   -0.001     1         0.00034   1         0.001    -1         0.00035  -0.0057  
   1        -0.001     0.0057    0.001     1        -0.00034  -0.0057    0.00035   1       
   1        -0.001     0.0057    0.001     1        -0.00034  -0.0057    0.00035   1       
   1        -0.001     0.0057    0.001     1        -0.00034  -0.0057    0.00035   1       
   1         0.0057    0.001     0.001    -0.00034  -1        -0.0057    1        -0.00035 
   1         0.0057    0.001     0.001    -0.00034  -1        -0.0057    1        -0.00035 
  -0.0096   -1         0.0057    1        -0.0096    0.0067   -0.0067    0.0058    1       
   1         0.0056    0.001     0.001     0.0067   -1        -0.0057    1         0.0067  
   1         0.0056    0.001     0.001     0.0067   -1        -0.0057    1         0.0067  
  -0.34     -0.5       0.8       0.93     -0.32      0.19      0.16      0.8       0.57    
   0.63     -0.001     0.78     -0.0045    1         0.005    -0.78     -0.0067    0.63    
   0.47     -0.001     0.88     -0.0054    1         0.004    -0.88     -0.0067    0.47    
   0.91     -0.001     0.41     -0.0018    1         0.0065   -0.41     -0.0067    0.91    
  -0.0011   -0.68     -0.73      1        -0.0056    0.0038   -0.0067   -0.73      0.68    
   0.57     -0.001    -0.82      0.0061    1         0.003     0.82     -0.0067    0.57    
   0.86     -0.001    -0.51      0.0043    1         0.0052    0.51     -0.0067    0.86    
   0.69     -0.001    -0.73      0.0056    1         0.0039    0.73     -0.0067    0.69    
  -0.0095   -1         0.0058    1        -0.0096   -0.011     0.011     0.0056    1       
   1         0.0057    0.00094   0.001    -0.011    -1        -0.0057    1        -0.011   
   1         0.0057    0.00094   0.001    -0.011    -1        -0.0057    1        -0.011   
   0.28     -0.38      0.88      0.94      0.28     -0.18     -0.18      0.88      0.44    
   0.49     -0.00094   0.87      0.01      1        -0.0048   -0.87      0.011     0.49    
   0.31     -0.00094   0.95      0.011     1        -0.0027   -0.95      0.011     0.31    
   0.83     -0.00094   0.56      0.0072    1        -0.009    -0.56      0.011     0.83    
  -0.00096  -0.57     -0.82      1         0.0088   -0.0073    0.011    -0.82      0.57    
   0.45     -0.00094  -0.89     -0.0098    1        -0.006     0.89      0.011     0.45    
   0.78     -0.00094  -0.62     -0.0064    1        -0.0096    0.62      0.011     0.78    
   0.58     -0.00094  -0.81     -0.0088    1        -0.0074    0.81      0.011     0.58    
   0.0096    1         0.0056   -1         0.0096   -0.003    -0.0031   -0.0055    1       
   1         0.0057    0.00099   0.001    -0.003    -1        -0.0057    1        -0.003   
   1         0.0057    0.00099   0.001    -0.003    -1        -0.0057    1        -0.003   
   1         0.0057    0.00099   0.001    -0.003    -1        -0.0057    1        -0.003   
  -0.31     -0.36      0.88      0.93     -0.33      0.19      0.22      0.87      0.44    
   0.5      -0.00099   0.87      0.0031    1        -0.00064  -0.87      0.003     0.5     
   0.32     -0.00099   0.95      0.0032    1        -2.2e-05  -0.95      0.003     0.32    
   0.83     -0.00099   0.55      0.0025    1        -0.002    -0.55      0.003     0.83    
  -0.001    -0.57     -0.82      1         0.0019   -0.0025    0.003    -0.82      0.57    
   0.45     -0.00099  -0.89     -0.0023    1        -0.0022    0.89      0.003     0.45    
   0.78     -0.00099  -0.63     -0.0011    1        -0.003     0.63      0.003     0.78    
   0.58     -0.00099  -0.82     -0.0019    1        -0.0026    0.82      0.003     0.58    
   0.0076    1        -0.0057    1        -0.0076   -0.00068  -0.00073  -0.0057   -1       
   1         0.0057    0.001     0.001     0.00069  -1        -0.0057    1         0.00068 
   1         0.0057    0.001     0.001     0.00069  -1        -0.0057    1         0.00068 
   1         0.0057    0.001     0.001     0.00069  -1        -0.0057    1         0.00068 
   0.31     -0.53      0.79      0.94      0.29     -0.17     -0.14      0.8       0.59    
   0.64     -0.001     0.77      0.00012   1         0.0012   -0.77     -0.00068   0.64    
   0.47     -0.001     0.88     -0.00012   1         0.0012   -0.88     -0.00068   0.47    
   0.92     -0.001     0.4       0.00065   1         0.001    -0.4      -0.00068   0.92    
  -0.001    -0.68     -0.74      1        -0.0012   -0.00029  -0.00068  -0.74      0.68    
   0.57     -0.001    -0.82      0.0011    1        -0.00044   0.82     -0.00068   0.57    
   0.86     -0.001    -0.51      0.0012    1         7.2e-05   0.51     -0.00068   0.86    
   0.69     -0.001    -0.73      0.0012    1        -0.00026   0.73     -0.00068   0.69    

SITE_XPOS
   0.29     -0.00064   0.29    
  -0.0055   -0.00094   0.29    
   0.17     -0.13      0.008   
   0.17      0.13      0.06    
  -0.2      -0.13      0.061   
  -0.2       0.13      0.0083  
   0         0         0.17    
   0         0.075     0.1     
   0.075     0         0.1     
   0         0         0.17    
   0         0.075     0.1     
   0.075     0         0.1     

SITE_XMAT
   1        -0.001     0.0057    0.001     1        -0.00034  -0.0057    0.00035   1       
   1        -0.001     0.0057    0.001     1        -0.00034  -0.0057    0.00035   1       
   0.69     -0.001    -0.73      0.0056    1         0.0039    0.73     -0.0067    0.69    
   0.58     -0.00094  -0.81     -0.0088    1        -0.0074    0.81      0.011     0.58    
   0.58     -0.00099  -0.82     -0.0019    1        -0.0026    0.82      0.003     0.58    
   0.69     -0.001    -0.73      0.0012    1        -0.00026   0.73     -0.00068   0.69    
   1         0         0         0         1         0         0         0         1       
   1         0         0         0         1         0         0         0         1       
   1         0         0         0         1         0         0         0         1       
   1         0         0         0         1         0         0         0         1       
   1         0         0         0         1         0         0         0         1       
   1         0         0         0         1         0         0         0         1       

CAM_XPOS
   0        -1         1.2     

CAM_XMAT
   1         0         0         0         0.71     -0.71      0         0.71      0.71    

LIGHT_XPOS
   0        -1         2       
   0         0         1.5     

LIGHT_XDIR
   0.0045    0.53     -0.85    
   0         0        -1       

SUBTREE_COM
  -0.0085   -5e-05     0.27    
  -0.0085   -5e-05     0.27    
   0.16     -0.086     0.26    
   0.15     -0.11      0.24    
   0.13     -0.13      0.057   
   0.16      0.084     0.26    
   0.15      0.11      0.25    
   0.12      0.13      0.1     
  -0.21     -0.086     0.26    
  -0.23     -0.11      0.25    
  -0.26     -0.13      0.1     
  -0.21      0.084     0.26    
  -0.22      0.11      0.24    
  -0.25      0.13      0.057   
   0         0         0.2     
   0         0         0.2     

CDOF
   0         0         0         1         0         0       
   0         0         0         0         1         0       
   0         0         0         0         0         1       
   1         0.001    -0.0057   -1.3e-05   0.018     0.0009  
  -0.001     1         0.00035  -0.018    -1.9e-05   0.003   
   0.0057   -0.00034   1        -0.00089  -0.0029    4e-06   
   1         0.001    -0.0057    0.00025   0.018     0.048   
  -0.001     1        -0.0067   -0.016     0.0013    0.19    
  -0.001     1        -0.0067    0.12      0.0003    0.026   
   1         0.001    -0.0057   -0.00028   0.018    -0.046   
  -0.00094   1         0.011    -0.016    -0.0022    0.19    
  -0.00094   1         0.011     0.089     1.9e-05   0.0056  
   1         0.001    -0.0057    0.00025   0.018     0.048   
  -0.00099   1         0.003    -0.019     0.00054  -0.19    
  -0.00099   1         0.003     0.087     0.0012   -0.37    
   1         0.001    -0.0057   -0.00028   0.018    -0.046   
  -0.001     1        -0.00068  -0.019    -0.00015  -0.19    
  -0.001     1        -0.00068   0.12     -0.00012  -0.35    

CINERT
   0         0         0         0         0         0         0         0         0         0       
   0.018     0.068     0.075    -0.00043  -0.0022   -0.00014   0.13      0.0059    0.089     5.2     
   0.0017    0.025     0.025     0.0051   -0.0021    0.00044   0.13     -0.027     0.011     0.68    
   0.014     0.032     0.043     0.018    -0.0018   -0.00033   0.17     -0.11      0.0002    1       
   0.013     0.014     0.0076    0.0034    0.0064   -0.0054    0.026    -0.025    -0.042     0.2     
   0.0016    0.024     0.025    -0.0049   -0.0021   -0.00043   0.13      0.026     0.011     0.68    
   0.013     0.032     0.042    -0.017    -0.0023   -0.00029   0.16      0.11      0.0051    1       
   0.0094    0.01      0.0074   -0.0032    0.0049    0.0043    0.025     0.025    -0.033     0.2     
   0.0017    0.023     0.024    -0.0049    0.0023    0.00051  -0.12     -0.027     0.013     0.68    
   0.013     0.05      0.061    -0.024    -0.00021   0.00042  -0.21     -0.11      0.0061    1       
   0.0092    0.019     0.016    -0.0061   -0.0075   -0.0042   -0.049    -0.025    -0.033     0.2     
   0.0016    0.023     0.024     0.0047    0.0023   -0.00048  -0.12      0.026     0.013     0.68    
   0.014     0.049     0.059     0.023    -0.0015    0.00016  -0.21      0.11      0.0017    1       
   0.013     0.022     0.015     0.0059   -0.0093    0.0053   -0.047     0.025    -0.042     0.2     
   0         0         0         0         0         0         0         0         0         0       
   0         0         0         0         0         0         0         0         0         0       

ACTUATOR_LENGTH
   0       
   0       
   0       
   0       
   0       
   0       
   0       
   0       
   0       
   0       
   0       
   0       

ACTUATOR_MOMENT
   0         0         0         0         0         0         1         0         0         0         0         0         0         0         0         0         0         0       
   0         0         0         0         0         0         0         1         0         0         0         0         0         0         0         0         0         0       
   0         0         0         0         0         0         0         0         1         0         0         0         0         0         0         0         0         0       
   0         0         0         0         0         0         0         0         0         1         0         0         0         0         0         0         0         0       
   0         0         0         0         0         0         0         0         0         0         1         0         0         0         0         0         0         0       
   0         0         0         0         0         0         0         0         0         0         0         1         0         0         0         0         0         0       
   0         0         0         0         0         0         0         0         0         0         0         0         1         0         0         0         0         0       
   0         0         0         0         0         0         0         0         0         0         0         0         0         1         0         0         0         0       
   0         0         0         0         0         0         0         0         0         0         0         0         0         0         1         0         0         0       
   0         0         0         0         0         0         0         0         0         0         0         0         0         0         0         1         0         0       
   0         0         0         0         0         0         0         0         0         0         0         0         0         0         0         0         1         0       
   0         0         0         0         0         0         0         0         0         0         0         0         0         0         0         0         0         1       

CRB
   0         0         0         0         0         0         0         0         0         0       
   0.12      0.39      0.42     -0.00072  -0.013    -0.00012   1.1e-16   2.8e-17  -3.5e-17   13      
   0.029     0.071     0.076     0.026     0.0025   -0.0053    0.32     -0.16     -0.031     1.9     
   0.027     0.046     0.05      0.021     0.0046   -0.0057    0.19     -0.13     -0.042     1.2     
   0.013     0.014     0.0076    0.0034    0.0064   -0.0054    0.026    -0.025    -0.042     0.2     
   0.024     0.066     0.075    -0.025     0.00047   0.0036    0.32      0.16     -0.017     1.9     
   0.022     0.042     0.05     -0.02      0.0026    0.004     0.19      0.13     -0.028     1.2     
   0.0094    0.01      0.0074   -0.0032    0.0049    0.0043    0.025     0.025    -0.033     0.2     
   0.024     0.093     0.1      -0.035    -0.0054   -0.0032   -0.39     -0.16     -0.014     1.9     
   0.023     0.07      0.078    -0.03     -0.0077   -0.0038   -0.26     -0.13     -0.027     1.2     
   0.0092    0.019     0.016    -0.0061   -0.0075   -0.0042   -0.049    -0.025    -0.033     0.2     
   0.028     0.094     0.098     0.034    -0.0085    0.005    -0.38      0.16     -0.028     1.9     
   0.026     0.071     0.075     0.029    -0.011     0.0055   -0.26      0.13     -0.04      1.2     
   0.013     0.022     0.015     0.0059   -0.0093    0.0053   -0.047     0.025    -0.042     0.2     
   0         0         0         0         0         0         0         0         0         0       
   0         0         0         0         0         0         0         0         0         0       

QM
   13        0         0        -0.00016  -0.23     -0.011    -0.00047  -0.062    -0.019     0.00036  -0.049    -0.016    -0.00045  -0.049    -0.016     0.00034  -0.063    -0.019   
   0         13        0         0.23     -0.00024  -0.037     0.062     0.00018  -0.00016   0.048    -0.00051   0.00026   0.05     -0.00017   5.6e-05   0.063    -3.9e-05  -3.4e-05 
   0         0         13        0.011     0.039     5.1e-05  -0.072     0.037    -0.021     0.072     0.041    -0.024    -0.071     0.041    -0.024     0.072     0.036    -0.021   
  -0.00016   0.23      0.011     0.13     -0.00042  -0.016     0.022    -0.0046    0.0027    0.018     0.0052   -0.003     0.018    -0.0051    0.003     0.023     0.0046   -0.0027  
  -0.23     -0.00024   0.039    -0.00042   0.4       0.00011   0.011     0.011     0.0087   -0.01      0.0071    0.0074   -0.017     0.022    -0.0015    0.016     0.025     0.00071 
  -0.011    -0.037     5.1e-05  -0.016     0.00011   0.42      0.0077   -0.008    -0.0024    0.0057    0.0064    0.0021   -0.013    -0.0062   -0.002    -0.016     0.008     0.0024  
  -0.00047   0.062    -0.072     0.022     0.011     0.0077    0.029    -0.0029    0.0017    0         0         0         0         0         0         0         0         0       
  -0.062     0.00018   0.037    -0.0046    0.011    -0.008    -0.0029    0.028     0.0047    0         0         0         0         0         0         0         0         0       
  -0.019    -0.00016  -0.021     0.0027    0.0087   -0.0024    0.0017    0.0047    0.016     0         0         0         0         0         0         0         0         0       
   0.00036   0.048     0.072     0.018    -0.01      0.0057    0         0         0         0.025     0.0033   -0.0019    0         0         0         0         0         0       
  -0.049    -0.00051   0.041     0.0052    0.0071    0.0064    0         0         0         0.0033    0.025     0.003     0         0         0         0         0         0       
  -0.016     0.00026  -0.024    -0.003     0.0074    0.0021    0         0         0        -0.0019    0.003     0.016     0         0         0         0         0         0       
  -0.00045   0.05     -0.071     0.018    -0.017    -0.013     0         0         0         0         0         0         0.025    -0.0032    0.0019    0         0         0       
  -0.049    -0.00017   0.041    -0.0051    0.022    -0.0062    0         0         0         0         0         0        -0.0032    0.025     0.003     0         0         0       
  -0.016     5.6e-05  -0.024     0.003    -0.0015   -0.002     0         0         0         0         0         0         0.0019    0.003     0.016     0         0         0       
   0.00034   0.063     0.072     0.023     0.016    -0.016     0         0         0         0         0         0         0         0         0         0.029     0.0029   -0.0017  
  -0.063    -3.9e-05   0.036     0.0046    0.025     0.008     0         0         0         0         0         0         0         0         0         0.0029    0.028     0.0048  
  -0.019    -3.4e-05  -0.021    -0.0027    0.00071   0.0024    0         0         0         0         0         0         0         0         0        -0.0017    0.0048    0.016   

QLD
   12       -7e-05     0.016    -0.0079   -0.27     -0.026    -0.2      -2.1      -1.2       0.22     -1.9      -1        -0.23     -1.9      -1         0.19     -2.1      -1.2     
  -7e-05     12       -0.00082   0.97     -0.014     0.0045    2.2       0.0086   -0.01      2        -0.023     0.016     2.1      -0.0075    0.0036    2.2      -0.0011   -0.0022  
   0.016    -0.00082   12        0.16     -0.19      0.011    -2.3       1.6      -1.4       2.6       1.9      -1.5      -2.6       1.9      -1.5       2.2       1.6      -1.4     
  -0.0079    0.97      0.16      0.065    -0.0036   -0.017     0.75     -0.2       0.17      0.7       0.24     -0.19      0.7      -0.23      0.19      0.76      0.2      -0.18    
  -0.27     -0.014    -0.19     -0.0036    0.32     -0.001     0.38      0.33      0.56     -0.43      0.23      0.47     -0.55      0.94     -0.098     0.47      0.93      0.045   
  -0.026     0.0045    0.011    -0.017    -0.001     0.4       0.25     -0.27     -0.16      0.21      0.25      0.13     -0.57     -0.24     -0.13     -0.58      0.27      0.15    
  -0.2       2.2      -2.3       0.75      0.38      0.25      0.028    -0.13      0.11      0         0         0         0         0         0         0         0         0       
  -2.1       0.0086    1.6      -0.2       0.33     -0.27     -0.13      0.027     0.3       0         0         0         0         0         0         0         0         0       
  -1.2      -0.01     -1.4       0.17      0.56     -0.16      0.11      0.3       0.016     0         0         0         0         0         0         0         0         0       
   0.22      2         2.6       0.7      -0.43      0.21      0         0         0         0.024     0.15     -0.12      0         0         0         0         0         0       
  -1.9      -0.023     1.9       0.24      0.23      0.25      0         0         0         0.15      0.024     0.19      0         0         0         0         0         0       
  -1         0.016    -1.5      -0.19      0.47      0.13      0         0         0        -0.12      0.19      0.016     0         0         0         0         0         0       
  -0.23      2.1      -2.6       0.7      -0.55     -0.57      0         0         0         0         0         0         0.024    -0.15      0.12      0         0         0       
  -1.9      -0.0075    1.9      -0.23      0.94     -0.24      0         0         0         0         0         0        -0.15      0.024     0.19      0         0         0       
  -1         0.0036   -1.5       0.19     -0.098    -0.13      0         0         0         0         0         0         0.12      0.19      0.016     0         0         0       
   0.19      2.2       2.2       0.76      0.47     -0.58      0         0         0         0         0         0         0         0         0         0.029     0.13     -0.11    
  -2.1      -0.0011    1.6       0.2       0.93      0.27      0         0         0         0         0         0         0         0         0         0.13      0.027     0.3     
  -1.2      -0.0022   -1.4      -0.18      0.045     0.15      0         0         0         0         0         0         0         0         0        -0.11      0.3       0.016   

QLDIAGINV
   0.082   
   0.082   
   0.086   
   15      
   3.2     
   2.5     
   35      
   37      
   64      
   42      
   41      
   64      
   42      
   41      
   64      
   35      
   37      
   64      

QLDIAGSQRTINV
   0.29    
   0.29    
   0.29    
   3.9     
   1.8     
   1.6     
   5.9     
   6.1     
   8       
   6.5     
   6.4     
   8       
   6.5     
   6.4     
   8       
   5.9     
   6.1     
   8       

D_rownnz              18 18 18 18 18 18 9 9 9 9 9 9 9 9 9 9 9 9

D_rowadr              0 18 36 54 72 90 108 117 126 135 144 153 162 171 180 189 198 207

D_colind              0 1 2 3 4 5 6 7 8 9 10 11 12 13 14 15 16 17 0 1 2 3 4 5 6 7 8 9 10 11 12 13 14 15 16 17 0 1 2 3 4 5 6 7 8 9 10 11 12 13 14 15 16 17 0 1 2 3 4 5 6 7 8 9 10 11 12 13 14 15 16 17 0 1 2 3 4 5 6 7 8 9 10 11 12 13 14 15 16 17 0 1 2 3 4 5 6 7 8 9 10 11 12 13 14 15 16 17 0 1 2 3 4 5 6 7 8 0 1 2 3 4 5 6 7 8 0 1 2 3 4 5 6 7 8 0 1 2 3 4 5 9 10 11 0 1 2 3 4 5 9 10 11 0 1 2 3 4 5 9 10 11 0 1 2 3 4 5 12 13 14 0 1 2 3 4 5 12 13 14 0 1 2 3 4 5 12 13 14 0 1 2 3 4 5 15 16 17 0 1 2 3 4 5 15 16 17 0 1 2 3 4 5 15 16 17

B_rownnz              18 18 9 9 9 9 9 9 9 9 9 9 9 9 0 0

B_rowadr              0 18 36 45 54 63 72 81 90 99 108 117 126 135 144 144

B_colind              0 1 2 3 4 5 6 7 8 9 10 11 12 13 14 15 16 17 0 1 2 3 4 5 6 7 8 9 10 11 12 13 14 15 16 17 0 1 2 3 4 5 6 7 8 0 1 2 3 4 5 6 7 8 0 1 2 3 4 5 6 7 8 0 1 2 3 4 5 9 10 11 0 1 2 3 4 5 9 10 11 0 1 2 3 4 5 9 10 11 0 1 2 3 4 5 12 13 14 0 1 2 3 4 5 12 13 14 0 1 2 3 4 5 12 13 14 0 1 2 3 4 5 15 16 17 0 1 2 3 4 5 15 16 17 0 1 2 3 4 5 15 16 17

QDERIV
   0         0         0         0         0         0         0         0         0         0         0         0         0         0         0         0         0         0       
   0         0         0         0         0         0         0         0         0         0         0         0         0         0         0         0         0         0       
   0         0         0         0         0         0         0         0         0         0         0         0         0         0         0         0         0         0       
   0         0         0         0         0         0         0         0         0         0         0         0         0         0         0         0         0         0       
   0         0         0         0         0         0         0         0         0         0         0         0         0         0         0         0         0         0       
   0         0         0         0         0         0         0         0         0         0         0         0         0         0         0         0         0         0       
   0         0         0         0         0         0         0         0         0         0         0         0         0         0         0         0         0         0       
   0         0         0         0         0         0         0         0         0         0         0         0         0         0         0         0         0         0       
   0         0         0         0         0         0         0         0         0         0         0         0         0         0         0         0         0         0       
   0         0         0         0         0         0         0         0         0         0         0         0         0         0         0         0         0         0       
   0         0         0         0         0         0         0         0         0         0         0         0         0         0         0         0         0         0       
   0         0         0         0         0         0         0         0         0         0         0         0         0         0         0         0         0         0       
   0         0         0         0         0         0         0         0         0         0         0         0         0         0         0         0         0         0       
   0         0         0         0         0         0         0         0         0         0         0         0         0         0         0         0         0         0       
   0         0         0         0         0         0         0         0         0         0         0         0         0         0         0         0         0         0       
   0         0         0         0         0         0         0         0         0         0         0         0         0         0         0         0         0         0       
   0         0         0         0         0         0         0         0         0         0         0         0         0         0         0         0         0         0       
   0         0         0         0         0         0         0         0         0         0         0         0         0         0         0         0         0         0       

QLU
   0         0         0         0         0         0         0         0         0         0         0         0         0         0         0         0         0         0       
   0         0         0         0         0         0         0         0         0         0         0         0         0         0         0         0         0         0       
   0         0         0         0         0         0         0         0         0         0         0         0         0         0         0         0         0         0       
   0         0         0         0         0         0         0         0         0         0         0         0         0         0         0         0         0         0       
   0         0         0         0         0         0         0         0         0         0         0         0         0         0         0         0         0         0       
   0         0         0         0         0         0         0         0         0         0         0         0         0         0         0         0         0         0       
   0         0         0         0         0         0         0         0         0         0         0         0         0         0         0         0         0         0       
   0         0         0         0         0         0         0         0         0         0         0         0         0         0         0         0         0         0       
   0         0         0         0         0         0         0         0         0         0         0         0         0         0         0         0         0         0       
   0         0         0         0         0         0         0         0         0         0         0         0         0         0         0         0         0         0       
   0         0         0         0         0         0         0         0         0         0         0         0         0         0         0         0         0         0       
   0         0         0         0         0         0         0         0         0         0         0         0         0         0         0         0         0         0       
   0         0         0         0         0         0         0         0         0         0         0         0         0         0         0         0         0         0       
   0         0         0         0         0         0         0         0         0         0         0         0         0         0         0         0         0         0       
   0         0         0         0         0         0         0         0         0         0         0         0         0         0         0         0         0         0       
   0         0         0         0         0         0         0         0         0         0         0         0         0         0         0         0         0         0       
   0         0         0         0         0         0         0         0         0         0         0         0         0         0         0         0         0         0       
   0         0         0         0         0         0         0         0         0         0         0         0         0         0         0         0         0         0       

CONTACT
  0:
     dim           6
     gfev          0 -1 -1 -1 : 20 -1 -1 -1
     exclude       0
     efc_address   16
     solref         0.02      1       
     solimp         0.015     1         0.023     0.5       2       
     dist          -0.004   
     includemargin  0.001   
     pos            0.19     -0.13     -0.002   
     frame          0         0         1         0         1         0        -1         0         0       
     friction       0.8       0.8       0.02      0.01      0.01    
     mu             0.08    
  1:
     dim           6
     gfev          0 -1 -1 -1 : 31 -1 -1 -1
     exclude       0
     efc_address   22
     solref         0.02      1       
     solimp         0.015     1         0.023     0.5       2       
     dist          -0.004   
     includemargin  0.001   
     pos            0.19      0.13     -0.002   
     frame          0         0         1         0         1         0        -1         0         0       
     friction       0.8       0.8       0.02      0.01      0.01    
     mu             0.08    
  2:
     dim           6
     gfev          0 -1 -1 -1 : 43 -1 -1 -1
     exclude       0
     efc_address   28
     solref         0.02      1       
     solimp         0.015     1         0.023     0.5       2       
     dist          -0.004   
     includemargin  0.001   
     pos           -0.19     -0.13     -0.002   
     frame          0         0         1         0         1         0        -1         0         0       
     friction       0.8       0.8       0.02      0.01      0.01    
     mu             0.08    
  3:
     dim           6
     gfev          0 -1 -1 -1 : 55 -1 -1 -1
     exclude       0
     efc_address   34
     solref         0.02      1       
     solimp         0.015     1         0.023     0.5       2       
     dist          -0.004   
     includemargin  0.001   
     pos           -0.19      0.13     -0.002   
     frame          0         0         1         0         1         0        -1         0         0       
     friction       0.8       0.8       0.02      0.01      0.01    
     mu             0.08    

EFC_TYPE
  1
  1
  1
  1
  1
  1
  1
  1
  1
  1
  1
  1
  3
  3
  3
  3
  7
  7
  7
  7
  7
  7
  7
  7
  7
  7
  7
  7
  7
  7
  7
  7
  7
  7
  7
  7
  7
  7
  7
  7

EFC_ID
  6
  7
  8
  9
  10
  11
  12
  13
  14
  15
  16
  17
  3
  6
  9
  12
  0
  0
  0
  0
  0
  0
  1
  1
  1
  1
  1
  1
  2
  2
  2
  2
  2
  2
  3
  3
  3
  3
  3
  3

EFC_J
   0         0         0         0         0         0         1         0         0         0         0         0         0         0         0         0         0         0       
   0         0         0         0         0         0         0         1         0         0         0         0         0         0         0         0         0         0       
   0         0         0         0         0         0         0         0         1         0         0         0         0         0         0         0         0         0       
   0         0         0         0         0         0         0         0         0         1         0         0         0         0         0         0         0         0       
   0         0         0         0         0         0         0         0         0         0         1         0         0         0         0         0         0         0       
   0         0         0         0         0         0         0         0         0         0         0         1         0         0         0         0         0         0       
   0         0         0         0         0         0         0         0         0         0         0         0         1         0         0         0         0         0       
   0         0         0         0         0         0         0         0         0         0         0         0         0         1         0         0         0         0       
   0         0         0         0         0         0         0         0         0         0         0         0         0         0         1         0         0         0       
   0         0         0         0         0         0         0         0         0         0         0         0         0         0         0         1         0         0       
   0         0         0         0         0         0         0         0         0         0         0         0         0         0         0         0         1         0       
   0         0         0         0         0         0         0         0         0         0         0         0         0         0         0         0         0         1       
   0         0         0         0         0         0         0         0        -1         0         0         0         0         0         0         0         0         0       
   0         0         0         0         0         0         0         0         0         0         0        -1         0         0         0         0         0         0       
   0         0         0         0         0         0         0         0         0         0         0         0         0         0        -1         0         0         0       
   0         0         0         0         0         0         0         0         0         0         0         0         0         0         0         0         0        -1       
   0         0         1        -0.13     -0.19      0        -0.08      0         0         0         0         0         0         0         0         0         0         0       
   0         1         0         0.45      0         0.19      0.45      0         0         0         0         0         0         0         0         0         0         0       
  -1         0         0         0         0.45     -0.13      0         0.45      0.23      0         0         0         0         0         0         0         0         0       
   0         0         0         0         0         1         0         0         0         0         0         0         0         0         0         0         0         0       
   0         0         0         0         1         0         0         1         1         0         0         0         0         0         0         0         0         0       
   0         0         0        -1         0         0        -1         0         0         0         0         0         0         0         0         0         0         0       
   0         0         1         0.13     -0.19      0         0         0         0         0.08      0         0         0         0         0         0         0         0       
   0         1         0         0.45      0         0.19      0         0         0         0.45      0         0         0         0         0         0         0         0       
  -1         0         0         0         0.45      0.13      0         0         0         0         0.45      0.23      0         0         0         0         0         0       
   0         0         0         0         0         1         0         0         0         0         0         0         0         0         0         0         0         0       
   0         0         0         0         1         0         0         0         0         0         1         1         0         0         0         0         0         0       
   0         0         0        -1         0         0         0         0         0        -1         0         0         0         0         0         0         0         0       
   0         0         1        -0.13      0.19      0         0         0         0         0         0         0        -0.08      0         0         0         0         0       
   0         1         0         0.45      0        -0.19      0         0         0         0         0         0         0.45      0         0         0         0         0       
  -1         0         0         0         0.45     -0.13      0         0         0         0         0         0         0         0.45      0.23      0         0         0       
   0         0         0         0         0         1         0         0         0         0         0         0         0         0         0         0         0         0       
   0         0         0         0         1         0         0         0         0         0         0         0         0         1         1         0         0         0       
   0         0         0        -1         0         0         0         0         0         0         0         0        -1         0         0         0         0         0       
   0         0         1         0.13      0.19      0         0         0         0         0         0         0         0         0         0         0.08      0         0       
   0         1         0         0.45      0        -0.19      0         0         0         0         0         0         0         0         0         0.45      0         0       
  -1         0         0         0         0.45      0.13      0         0         0         0         0         0         0         0         0         0         0.45      0.23    
   0         0         0         0         0         1         0         0         0         0         0         0         0         0         0         0         0         0       
   0         0         0         0         1         0         0         0         0         0         0         0         0         0         0         0         1         1       
   0         0         0        -1         0         0         0         0         0         0         0         0         0         0         0        -1         0         0       

EFC_POS
   0       
   0       
   0       
   0       
   0       
   0       
   0       
   0       
   0       
   0       
   0       
   0       
  -0.89    
  -0.89    
  -0.89    
  -0.89    
  -0.004   
   0       
   0       
   0       
   0       
   0       
  -0.004   
   0       
   0       
   0       
   0       
   0       
  -0.004   
   0       
   0       
   0       
   0       
   0       
  -0.004   
   0       
   0       
   0       
   0       
   0       

EFC_MARGIN
   0       
   0       
   0       
   0       
   0       
   0       
   0       
   0       
   0       
   0       
   0       
   0       
   0       
   0       
   0       
   0       
   0.001   
   0       
   0       
   0       
   0       
   0       
   0.001   
   0       
   0       
   0       
   0       
   0       
   0.001   
   0       
   0       
   0       
   0       
   0       
   0.001   
   0       
   0       
   0       
   0       
   0       

EFC_FRICTIONLOSS
   0.01    
   0.01    
   0.01    
   0.01    
   0.01    
   0.01    
   0.01    
   0.01    
   0.01    
   0.01    
   0.01    
   0.01    
   0       
   0       
   0       
   0       
   0       
   0       
   0       
   0       
   0       
   0       
   0       
   0       
   0       
   0       
   0       
   0       
   0       
   0       
   0       
   0       
   0       
   0       
   0       
   0       
   0       
   0       
   0       
   0       

EFC_DIAGAPPROX
   33      
   32      
   81      
   33      
   32      
   81      
   33      
   32      
   81      
   33      
   32      
   81      
   81      
   81      
   81      
   81      
   2.1     
   0.021   
   0.021   
   34      
   1.4e+02 
   1.4e+02 
   2.1     
   0.021   
   0.021   
   34      
   1.4e+02 
   1.4e+02 
   2.1     
   0.021   
   0.021   
   34      
   1.4e+02 
   1.4e+02 
   2.1     
   0.021   
   0.021   
   34      
   1.4e+02 
   1.4e+02 

EFC_KBIP
   0         1.1e+02   0.9       0       
   0         1.1e+02   0.9       0       
   0         1.1e+02   0.9       0       
   0         1.1e+02   0.9       0       
   0         1.1e+02   0.9       0       
   0         1.1e+02   0.9       0       
   0         1.1e+02   0.9       0       
   0         1.1e+02   0.9       0       
   0         1.1e+02   0.9       0       
   0         1.1e+02   0.9       0       
   0         1.1e+02   0.9       0       
   0         1.1e+02   0.9       0       
   2.8e+03   1.1e+02   0.95      0       
   2.8e+03   1.1e+02   0.95      0       
   2.8e+03   1.1e+02   0.95      0       
   2.8e+03   1.1e+02   0.95      0       
   2.5e+03   1e+02     0.11     -37      
   0         1e+02     0.11     -37      
   0         1e+02     0.11     -37      
   0         1e+02     0.11     -37      
   0         1e+02     0.11     -37      
   0         1e+02     0.11     -37      
   2.5e+03   1e+02     0.11     -37      
   0         1e+02     0.11     -37      
   0         1e+02     0.11     -37      
   0         1e+02     0.11     -37      
   0         1e+02     0.11     -37      
   0         1e+02     0.11     -37      
   2.5e+03   1e+02     0.11     -37      
   0         1e+02     0.11     -37      
   0         1e+02     0.11     -37      
   0         1e+02     0.11     -37      
   0         1e+02     0.11     -37      
   0         1e+02     0.11     -37      
   2.5e+03   1e+02     0.11     -37      
   0         1e+02     0.11     -37      
   0         1e+02     0.11     -37      
   0         1e+02     0.11     -37      
   0         1e+02     0.11     -37      
   0         1e+02     0.11     -37      

EFC_D
   0.28    
   0.28    
   0.11    
   0.28    
   0.28    
   0.11    
   0.28    
   0.28    
   0.11    
   0.28    
   0.28    
   0.11    
   0.24    
   0.24    
   0.24    
   0.24    
   0.057   
   5.7     
   5.7     
   0.0036  
   0.00089 
   0.00089 
   0.057   
   5.7     
   5.7     
   0.0036  
   0.00089 
   0.00089 
   0.057   
   5.7     
   5.7     
   0.0036  
   0.00089 
   0.00089 
   0.057   
   5.7     
   5.7     
   0.0036  
   0.00089 
   0.00089 

EFC_R
   3.6     
   3.5     
   9       
   3.6     
   3.5     
   9       
   3.6     
   3.6     
   9       
   3.6     
   3.6     
   9       
   4.2     
   4.2     
   4.2     
   4.2     
   17      
   0.17    
   0.17    
   2.8e+02 
   1.1e+03 
   1.1e+03 
   18      
   0.18    
   0.18    
   2.8e+02 
   1.1e+03 
   1.1e+03 
   18      
   0.18    
   0.18    
   2.8e+02 
   1.1e+03 
   1.1e+03 
   18      
   0.18    
   0.18    
   2.8e+02 
   1.1e+03 
   1.1e+03 

ACTUATOR_VELOCITY
   0       
   0       
   0       
   0       
   0       
   0       
   0       
   0       
   0       
   0       
   0       
   0       

CVEL
   0         0         0         0         0         0       
  -0.0021    0.0037    0.048     0.0043    0.0015   -0.023   
  -0.032     0.0037    0.049     0.0043    0.00097  -0.025   
  -0.032     0.11      0.048     0.0027    0.001    -0.005   
  -0.032    -0.048     0.049    -0.016     0.001    -0.0089  
  -0.081     0.0036    0.049     0.0043    9.8e-05  -0.02    
  -0.082     2.2       0.077    -0.029    -0.0052    0.39    
  -0.08     -1.6       0.028    -0.36     -0.0052    0.38    
  -0.0095    0.0037    0.048     0.0043    0.0014   -0.024   
  -0.011     2.2       0.069    -0.039     0.0052   -0.43    
  -0.0086   -1.6       0.033    -0.36     -0.0083    0.99    
   0.048     0.0037    0.048     0.0043    0.0024   -0.026   
   0.048     0.056     0.048     0.0033    0.0024   -0.035   
   0.048    -0.074     0.048    -0.012     0.0023    0.01    
   0         0         0         0         0         0       
   0         0         0         0         0         0       

CDOF_DOT
   0         0         0         0         0         0       
   0         0         0         0         0         0       
   0         0         0         0         0         0       
  -0         0         0         9.8e-07  -0.023    -0.0017  
   0        -0         0         0.023     6.7e-07   0.0044  
   0         0        -0         0.0016   -0.0046   -2.8e-05 
  -6.1e-05   0.048    -0.0037   -0.00067  -0.023    -0.0015  
  -0.049    -0.00015  -0.032     0.025     0.0054    0.0043  
  -0.049    -0.00015  -0.032     0.0077    0.0065   -0.0099  
  -6.1e-05   0.048    -0.0037   -0.001    -0.023    -0.0015  
  -0.049     0.001    -0.081     0.02      0.015     0.0046  
  -0.049     0.001    -0.081    -0.38      0.0072   -0.22    
  -6.1e-05   0.048    -0.0037   -0.00067  -0.023    -0.0015  
  -0.048     6.2e-05  -0.0095    0.023    -0.0027    0.0044  
  -0.048     6.2e-05  -0.0095   -0.39      0.0024   -0.22    
  -6.1e-05   0.048    -0.0037   -0.001    -0.023    -0.0015  
  -0.048    -7.5e-05   0.048     0.025     0.0079    0.0044  
  -0.048    -7.5e-05   0.048     0.016     0.022    -0.0032  

QFRC_BIAS
   0.5     
   0.019   
   1.3e+02 
   0.12    
   0.37    
   0.0045  
  -0.7     
   0.36    
  -0.21    
   0.73    
   0.39    
  -0.26    
  -0.71    
   0.39    
  -0.26    
   0.71    
   0.36    
  -0.21    

QFRC_SPRING
   0       
   0       
   0       
   0       
   0       
   0       
   0       
   0       
   0       
   0       
   0       
   0       
   0       
   0       
   0       
   0       
   0       
   0       

QFRC_DAMPER
   0       
   0       
   0       
   0       
   0       
   0       
   0.03    
  -0.001   
   0.0015  
   0.079   
  -0.022   
   0.038   
   0.0074  
  -0.022   
   0.038   
  -0.05    
  -0.00052 
   0.0013  

QFRC_GRAVCOMP
   0       
   0       
   0       
   0       
   0       
   0       
   0       
   0       
   0       
   0       
   0       
   0       
   0       
   0       
   0       
   0       
   0       
   0       

QFRC_FLUID
   0       
   0       
   0       
   0       
   0       
   0       
   0       
   0       
   0       
   0       
   0       
   0       
   0       
   0       
   0       
   0       
   0       
   0       

QFRC_PASSIVE
   0       
   0       
   0       
   0       
   0       
   0       
   0.03    
  -0.001   
   0.0015  
   0.079   
  -0.022   
   0.038   
   0.0074  
  -0.022   
   0.038   
  -0.05    
  -0.00052 
   0.0013  

EFC_VEL
  -0.03    
   0.1     
  -0.15    
  -0.079   
   2.2     
  -3.8     
  -0.0074  
   2.2     
  -3.8     
   0.05    
   0.052   
  -0.13    
   0.15    
   3.8     
   3.8     
   0.13    
  -0.021   
  -0.0038  
   0.0011  
   0.048   
  -0.047   
   0.033   
  -0.031   
  -0.026   
   0.081   
   0.048   
  -1.6     
   0.081   
  -0.022   
  -0.012   
   0.083   
   0.048   
  -1.6     
   0.0099  
  -0.019   
   0.014   
  -0.0038  
   0.048   
  -0.074   
  -0.047   

EFC_AREF
   3.2     
  -11      
   16      
   8.3     
  -2.3e+02 
   4e+02   
   0.77    
  -2.3e+02 
   4e+02   
  -5.2     
  -5.5     
   14      
   2.3e+03 
   1.9e+03 
   1.9e+03 
   2.3e+03 
   3.5     
   0.38    
  -0.11    
  -4.8     
   4.7     
  -3.3     
   4.4     
   2.6     
  -8.1     
  -4.8     
   1.6e+02 
  -8.1     
   3.5     
   1.2     
  -8.3     
  -4.8     
   1.6e+02 
  -0.99    
   3.2     
  -1.4     
   0.38    
  -4.8     
   7.4     
   4.7     

SUBTREE_LINVEL
   0         0         0       
   0         0         0       
   0         0         0       
   0         0         0       
   0         0         0       
   0         0         0       
   0         0         0       
   0         0         0       
   0         0         0       
   0         0         0       
   0         0         0       
   0         0         0       
   0         0         0       
   0         0         0       
   0         0         0       
   0         0         0       

SUBTREE_ANGMOM
   0         0         0       
   0         0         0       
   0         0         0       
   0         0         0       
   0         0         0       
   0         0         0       
   0         0         0       
   0         0         0       
   0         0         0       
   0         0         0       
   0         0         0       
   0         0         0       
   0         0         0       
   0         0         0       
   0         0         0       
   0         0         0       

ACTUATOR_FORCE
   0       
   0       
   0       
   0       
   0       
   0       
   0       
   0       
   0       
   0       
   0       
   0       

QFRC_ACTUATOR
   0       
   0       
   0       
   0       
   0       
   0       
   0       
   0       
   0       
   0       
   0       
   0       
   0       
   0       
   0       
   0       
   0       
   0       

QFRC_SMOOTH
   0       
   0       
  -1.3e+02 
  -0.11    
   1.1     
   0       
   0.7     
  -0.022   
   0.0083  
  -0.71    
  -0.022   
   0.0083  
   0.7     
  -0.022   
   0.0083  
  -0.71    
  -0.022   
   0.0083  

QACC_SMOOTH
  -5.7e-17 
  -8.5e-17 
  -9.8     
   4.7e-15 
   2.6e-15 
   2.9e-17 
   3.7e-15 
   1e-14   
  -1.4e-14 
  -5.1e-15 
   9.9e-15 
  -1.3e-14 
   3.7e-15 
  -1.8e-14 
   1.2e-14 
  -5.1e-15 
  -1.8e-14 
   1.2e-14 

EFC_B
   3.7e-15 
   1e-14   
  -1.4e-14 
  -5.1e-15 
   9.9e-15 
  -1.3e-14 
   3.7e-15 
  -1.8e-14 
   1.2e-14 
  -5.1e-15 
  -1.8e-14 
   1.2e-14 
  -2.3e+03 
  -2.3e+03 
  -2.3e+03 
  -2.3e+03 
  -11      
   3.7e-15 
   2.6e-15 
   2.9e-17 
  -8.1e-16 
  -8.5e-15 
  -11      
  -2.6e-16 
   2.5e-15 
   2.9e-17 
  -9.2e-16 
   4.1e-16 
  -11      
   3.7e-15 
  -4.1e-15 
   2.9e-17 
  -3.5e-15 
  -8.5e-15 
  -11      
  -2.8e-16 
  -4.1e-15 
   2.9e-17 
  -3.5e-15 
   4.1e-16 

EFC_FORCE
   0.01    
  -0.01    
   0.01    
  -0.01    
  -0.01    
   0.01    
  -0.01    
  -0.01    
   0.01    
   0.01    
  -0.01    
   0.01    
   28      
   28      
   28      
   28      
   10      
   0.47    
   8.1     
  -2.4e-06 
   0.0097  
  -0.00016 
   10      
  -0.47    
   8.1     
  -2.4e-06 
   0.0096  
   0.00016 
   8.9     
  -0.23    
   7.1     
  -2.1e-06 
   0.0083  
   8.2e-05 
   8.9     
   0.24    
   7.1     
  -2.1e-06 
   0.0083  
  -8.2e-05 

EFC_STATE
  2
  3
  2
  3
  3
  2
  3
  3
  2
  2
  3
  2
  1
  1
  1
  1
  4
  4
  4
  4
  4
  4
  4
  4
  4
  4
  4
  4
  4
  4
  4
  4
  4
  4
  4
  4
  4
  4
  4
  4

QFRC_CONSTRAINT
  -30      
   0.0023  
   38      
   0.00052 
   13      
  -0.00092 
  -0.6     
   3.6     
  -26      
   0.6     
   3.6     
  -26      
  -0.83    
   3.2     
  -26      
   0.83    
   3.2     
  -26      

QFRC_INVERSE
   0       
   0       
   0       
   0       
   0       
   0       
   0       
   0       
   0       
   0       
   0       
   0       
   0       
   0       
   0       
   0       
   0       
   0       

CACC
   0         0         0        -0        -0         9.8     
   0.13      80        0.095    -2.1       0.0054    1.8     
  -26        80        0.095    -2.1      -0.81      0.63    
  -26        7.2e+02   0.095    -23       -0.81      1.2e+02 
  -26       -1.5e+03   0.095    -4.2e+02  -0.81     -2.8e+02 
   25        80        0.095    -2.1       0.82      0.69    
   25        7.2e+02   0.095    -23        0.82      1.2e+02 
   25       -1.5e+03   0.095    -4.2e+02   0.82     -2.8e+02 
   15        80        0.095    -2.1       0.48      2.6     
   15        7.1e+02   0.095    -22        0.48     -1.2e+02 
   15       -1.5e+03   0.095    -4.2e+02   0.48      3.1e+02 
  -15        80        0.095    -2.1      -0.48      2.5     
  -15        7.1e+02   0.095    -22       -0.48     -1.2e+02 
  -15       -1.5e+03   0.095    -4.2e+02  -0.48      3.1e+02 
   0         0         0         0         0         9.8     
   0         0         0         0         0         9.8     

CFRC_INT
   1.1e-10   7.5e-09  -2.7e-11  -3.9e-09   7.8e-11  -5e-08   
   1.1e-10   7.5e-09  -2.7e-11  -3.9e-09   7.8e-11  -5e-08   
   1.7      -1.4      -0.67     -0.61     -3        -28      
   1.4      -2.9      -0.69     -0.9      -3        -20      
   0.58     -7.8       2.2       21       -2.3      -11      
  -1.7      -1.4       0.67     -0.63      3.1      -28      
  -1.3      -2.9       0.68     -0.92      3.1      -20      
  -0.56     -7.8      -2.2       21        2.3      -11      
  -1.5      -1.2      -0.44     -0.39      1.7       26      
  -1        -3.5      -0.45     -0.68      1.7       15      
   1        -11        2.4       21        1.3      -4.4     
   1.4      -1.2       0.44     -0.42     -1.8       26      
   0.98     -3.5       0.45     -0.7      -1.8       15      
  -1        -11       -2.4       21       -1.3      -4.4     
   0         0         0         0         0         0       
   0         0         0         0         0         0       

CFRC_EXT
   0         0         0         0         0         0       
   0         0         0         0         0         0       
   0         0         0         0         0         0       
   0         0         0         0         0         0       
  -1.1       1.5      -0.95     -8.1       0.47      10      
   0         0         0         0         0         0       
   0         0         0         0         0         0       
   1.1       1.5       0.94     -8.1      -0.47      10      
   0         0         0         0         0         0       
   0         0         0         0         0         0       
  -1.2       4.7      -0.86     -7.1      -0.23      8.9     
   0         0         0         0         0         0       
   0         0         0         0         0         0       
   1.2       4.7       0.85     -7.1       0.24      8.9     
   0         0         0         0         0         0       
   0         0         0         0         0         0       

